64.000000 
2.000000 
0.000463 0.000784 -0.019839 -0.021441 0.010440 0.005980 -0.072788 -0.072121 0.081084 0.101903 -0.017342 -0.010615 0.087584 0.080246 0.003667 -0.011466 0.172567 0.172567 -0.144042 -0.203300 0.118573 0.072110 -0.224303 -0.242046 0.084600 -0.028508 -0.324866 -0.249276 -0.011657 -0.091204 -0.181447 -0.207585 -0.183275 -0.209413 -0.317145 -0.263358 -0.054993 0.011987 -0.098239 -0.202738 0.032070 -0.083765 -0.541308 -0.667459 -0.197989 -0.115303 -0.596850 -0.616241 -0.249486 -0.267060 -0.517836 -0.533425 -0.278241 -0.291695 -0.550059 -0.561247 -0.300973 -0.440252 -0.702767 -0.446611 -0.313920 -0.316799 -0.449812 -0.317441 
0.000653 0.001295 0.008189 0.010108 -0.004667 -0.004358 -0.010462 -0.003184 0.025685 0.031280 -0.011997 -0.005271 0.030721 0.023383 -0.011727 -0.007333 -0.071627 -0.091153 -0.040532 0.048354 0.110725 0.127559 0.002377 0.061274 0.213723 0.191048 0.114152 0.186852 0.133982 0.220000 0.121192 0.220531 0.498373 0.683982 0.405486 0.457259 0.563984 0.614754 0.920931 0.970210 0.758304 0.707524 0.818824 0.546991 0.780576 0.801596 0.807346 0.712929 0.475196 0.133774 0.373752 0.251654 0.251975 0.123150 0.123150 0.117556 0.117556 0.113148 0.113148 0.109968 0.109968 0.108048 0.108048 0.107406 
-0.012153 -0.011832 0.031567 0.031246 -0.083212 -0.083212 0.119150 0.119150 -0.123473 -0.123473 0.095771 0.107007 -0.199117 -0.180087 0.187259 0.215573 -0.066744 -0.027827 0.180489 0.201508 -0.103759 -0.046072 0.334654 0.240762 0.020079 0.032399 0.120327 0.133020 -0.110749 -0.097806 0.234640 0.247709 -0.021760 0.137711 0.449198 0.554756 -0.044580 -0.012848 0.386285 0.509264 0.393254 0.232553 0.454928 0.477375 0.249942 0.162001 0.282906 0.525062 0.402493 0.424461 0.423501 0.442987 0.442052 0.584330 0.584330 0.601114 0.732215 0.745440 0.614029 0.491515 0.623567 0.495355 0.495355 0.496639 
0.003258 0.003258 -0.021652 -0.021652 0.027195 0.027195 -0.024810 -0.029885 0.007423 -0.011118 -0.051122 -0.038741 0.006312 0.017547 0.099513 0.079986 -0.180724 -0.185571 0.219862 0.244236 -0.126550 -0.126550 -0.020278 -0.020278 0.084595 0.037281 0.016948 0.010602 -0.091612 -0.218348 -0.233573 -0.119843 0.143150 0.063415 -0.206643 -0.219586 -0.026941 -0.039633 -0.029397 -0.041716 -0.146855 -0.256776 -0.257727 -0.170857 -0.280455 -0.290965 -0.182327 -0.192022 -0.192022 -0.200809 -0.200809 -0.208603 -0.208603 -0.215330 -0.215330 -0.220925 -0.220925 -0.225333 -0.225333 -0.228512 -0.228512 -0.230432 -0.230432 -0.231074 
-0.004026 -0.003384 0.006826 0.006184 0.022518 0.022518 0.002504 -0.002571 0.029637 0.026840 -0.035435 -0.038798 0.103871 0.099974 -0.132715 -0.176161 0.076720 0.062177 -0.082075 -0.157097 -0.074140 -0.137438 -0.015530 -0.051015 -0.383215 -0.420175 -0.202144 -0.240222 -0.247326 -0.226023 -0.378939 -0.411611 -0.437654 -0.470326 -0.265521 -0.297879 -0.516143 -0.461856 -0.332259 -0.449077 -0.570663 -0.305954 -0.190307 -0.305235 -0.424518 -0.440282 -0.197919 -0.212462 -0.331889 -0.345069 -0.471726 -0.605516 -0.351561 -0.365014 -0.491992 -0.503181 -0.633644 -0.511997 -0.381534 -0.518356 -0.518356 -0.522196 -0.522196 -0.523480 
-0.007904 -0.007262 0.002574 0.004494 -0.030028 -0.026848 0.021328 0.025736 0.005772 0.042854 -0.001975 0.006970 -0.011639 0.007848 0.079126 0.101094 0.033716 0.106702 0.081956 0.118740 0.161951 0.201232 -0.012302 0.029097 0.420397 0.463517 -0.035697 0.008727 0.410103 0.515536 0.429925 0.548868 0.379312 0.438122 0.337791 0.396035 0.381773 0.438889 0.735454 0.975251 0.780764 0.747728 0.739899 0.899719 0.787963 0.954726 0.960984 1.246769 1.237986 1.181295 1.306683 1.357348 1.230370 1.274095 1.273135 1.309499 1.309178 1.468293 1.468293 1.490548 1.490548 1.503988 1.503988 1.508482 
-0.008632 -0.008953 0.030472 0.028231 -0.068883 -0.072063 0.078552 0.074144 -0.047635 -0.053229 0.027321 0.031830 -0.031932 -0.020697 0.083411 0.102937 -0.075812 -0.070965 -0.022775 -0.136035 0.056864 0.040029 -0.078909 -0.178961 -0.111496 -0.189610 -0.258809 -0.243226 -0.333136 -0.365494 -0.291875 -0.391214 -0.298332 -0.410740 -0.795518 -0.761146 -0.367100 -0.405177 -0.521351 -0.466132 -0.772996 -0.704474 -0.597976 -0.516717 -0.520674 -0.318520 -0.435185 -0.440033 -0.564680 -0.450873 -0.328295 -0.084099 -0.209560 -0.077372 -0.077693 0.058958 0.058958 0.067774 0.067774 0.074132 0.074132 0.077972 0.077972 0.079256 
-0.002760 -0.002760 0.014336 0.013055 -0.044297 -0.048757 0.097511 0.098178 -0.112912 -0.115709 0.053680 0.039081 -0.128724 -0.121386 0.019392 0.054051 -0.184767 -0.082424 0.297080 0.323354 0.159837 0.187895 0.197290 0.226861 0.083587 0.019758 0.242809 0.261848 0.176391 0.195806 0.216360 0.235964 0.304410 0.324014 0.256602 0.276017 0.251997 0.185017 0.400868 0.413188 0.192104 0.007747 0.236199 0.236199 0.121407 0.121407 0.121407 0.121407 0.120813 0.120813 0.120813 0.120813 0.120199 0.120199 0.250341 0.250341 0.251622 0.121159 0.121480 -0.012162 -0.012162 -0.014082 -0.014082 -0.014724 
-0.002878 -0.002878 0.012187 0.013468 -0.017469 -0.013009 0.020834 0.010018 0.022399 0.011730 -0.028119 -0.046082 0.087277 0.045320 -0.066381 -0.088349 0.010906 -0.013332 -0.032912 -0.059187 -0.169618 -0.268156 -0.148775 -0.149020 -0.157399 -0.194359 -0.018929 -0.057007 -0.389215 -0.488176 -0.136999 -0.182740 -0.177088 -0.222829 -0.788552 -0.833852 0.043701 -0.086742 -0.489634 -0.631092 -0.625973 -0.679201 -0.684359 -0.838568 -0.606986 -0.659535 -0.895570 -1.171660 -0.929957 -0.864479 -0.989225 -1.276291 -1.148699 -1.192424 -1.321606 -1.357970 -1.227198 -1.255851 -1.387582 -1.408248 -1.408569 -1.288036 -1.288036 -1.291888 
-0.010141 -0.010141 0.014420 0.015701 0.005536 0.009996 -0.042094 -0.042760 0.120884 0.139425 -0.041122 -0.031031 -0.001729 -0.005170 0.047721 0.076035 0.083566 0.122483 0.258847 0.220609 0.124291 0.100274 -0.082279 -0.076364 0.166652 0.125498 -0.016464 0.090857 0.171290 0.184233 0.262946 0.209349 0.121084 0.127618 0.316526 0.243325 0.059729 -0.026290 0.065568 0.059408 0.059729 -0.044278 -0.044278 -0.055501 -0.055501 -0.066011 -0.066011 -0.075706 -0.075706 -0.084493 -0.084493 -0.092288 -0.092288 -0.099015 -0.099015 -0.104609 -0.104609 -0.109017 -0.109017 -0.112196 -0.112196 -0.114116 -0.114116 -0.114758 
0.013420 0.013741 -0.023775 -0.024096 0.000513 0.003384 -0.020923 -0.018719 0.033170 0.028096 -0.130154 -0.130154 0.012916 0.028048 -0.159024 -0.135104 0.077188 0.086883 -0.212698 -0.172560 0.115944 0.132779 -0.052444 0.006453 -0.166395 -0.047127 0.231123 0.376522 0.141563 0.253468 0.257219 0.316030 0.382394 0.368003 0.296316 0.507434 0.508944 0.744445 0.635890 0.709809 0.817549 0.888519 0.776172 0.947216 1.061419 1.129732 1.130708 1.193726 1.197053 1.254169 1.252087 1.180654 1.051447 0.966347 1.094248 1.253276 1.122813 1.279725 1.279404 1.432122 1.432122 1.445561 1.445561 1.450055 
0.010154 0.010475 -0.027892 -0.029494 0.021660 0.022941 -0.053130 -0.053130 0.118957 0.111085 -0.168802 -0.172165 0.192373 0.188476 -0.248351 -0.252745 0.152944 0.148096 -0.040593 -0.075477 -0.068141 -0.008884 0.067102 0.108256 -0.284536 -0.278376 0.406534 0.359219 -0.199570 -0.319835 -0.061626 -0.074695 -0.083636 -0.096705 -0.090062 -0.023332 -0.221862 -0.314228 -0.317106 -0.329425 -0.116625 0.067733 -0.159074 -0.262778 -0.261345 -0.048681 -0.050279 -0.159239 -0.038104 0.198297 0.076841 -0.037462 -0.037783 0.091042 0.091042 0.096636 0.096636 0.101044 0.101044 0.104224 0.104224 0.106144 0.106144 0.106786 
-0.008779 -0.008779 0.026912 0.029474 -0.034914 -0.031734 0.084059 0.093541 -0.072652 -0.056388 0.002003 0.037928 0.151798 0.114651 -0.120853 -0.112066 0.217258 0.226953 -0.135178 -0.124669 0.016990 0.098693 0.110071 0.133727 0.209403 0.234043 0.122655 0.201701 0.123756 0.156113 0.154526 0.387199 0.543863 0.522938 0.532360 0.497989 0.398516 0.350574 0.457515 0.396136 0.178437 0.300187 0.521771 0.653533 0.537470 0.568999 0.567116 0.482394 0.604985 0.626953 0.502773 0.522259 0.521299 0.538116 0.537795 0.680040 0.680040 0.693264 0.693264 0.702802 0.702802 0.708562 0.708562 0.710488 
-0.004171 -0.004492 0.010668 0.007146 -0.001950 -0.012460 0.002271 -0.003675 -0.122814 -0.134003 0.028263 0.026044 -0.031558 -0.058383 -0.078990 -0.096564 -0.040588 -0.059978 -0.045934 -0.066954 -0.258707 -0.281153 -0.186656 -0.169158 -0.164591 -0.230385 -0.344745 -0.316469 -0.035559 -0.054973 -0.235260 -0.254864 -0.331928 -0.278331 -0.088210 0.137865 0.045155 -0.120537 -0.220014 -0.226173 -0.021946 -0.027860 -0.123885 -0.233202 -0.358313 -0.477782 -0.366207 -0.266943 -0.145805 -0.272792 -0.394569 -0.406261 -0.406582 -0.291211 -0.291211 -0.296806 -0.296806 -0.301214 -0.301214 -0.304393 -0.304393 -0.306313 -0.306313 -0.306955 
0.004939 0.004297 -0.002704 -0.004624 0.011385 0.005335 -0.011944 -0.023630 -0.011088 -0.022277 -0.022254 -0.024472 -0.039315 -0.051007 -0.034303 -0.086536 -0.055603 -0.104214 -0.128532 -0.189690 -0.200505 -0.275026 -0.314056 -0.402524 -0.321329 -0.282139 -0.259632 -0.357717 -0.610404 -0.662176 -0.396641 -0.382250 -0.591088 -0.636830 -0.418697 -0.384325 -0.580743 -0.532802 -0.641911 -0.672710 -0.347727 -0.279205 -0.613747 -0.636193 -0.284612 -0.305632 -0.664043 -0.683433 -0.316474 -0.334049 -0.329588 -0.467276 -0.592972 -0.735251 -0.735251 -0.752034 -0.623455 -0.897604 -0.897604 -0.910322 -0.910322 -0.918001 -0.918001 -0.920569 
-0.007001 -0.007001 0.016684 0.017965 -0.012929 -0.011339 0.000802 0.008080 -0.035138 -0.021672 0.027370 0.026225 -0.047327 0.005865 0.129110 0.190131 0.063909 0.073468 0.215025 0.216925 0.249414 0.277472 0.008091 0.078816 0.498799 0.535758 0.242165 0.280243 0.276786 0.255483 0.528543 0.561215 0.086900 0.119572 0.593170 0.545855 0.251993 0.191359 0.481475 0.499955 0.420418 0.438161 0.207293 0.327832 0.557854 0.469913 0.472772 0.601122 0.481265 0.498839 0.620937 0.514428 0.514749 0.399378 0.399378 0.404972 0.404972 0.409380 0.409380 0.412560 0.412560 0.414480 0.414480 0.415122 
0.005043 0.004401 0.002215 -0.000986 -0.004800 -0.003828 0.006036 0.013981 -0.082387 -0.079590 0.041907 0.056506 0.005230 0.028157 0.081445 0.075100 0.073146 0.058467 -0.020076 -0.014822 0.144236 0.114608 0.063098 0.021944 -0.203750 -0.304538 0.058411 0.093033 -0.134894 -0.147837 -0.061710 -0.008113 -0.177950 -0.257686 -0.092756 -0.105699 -0.305329 -0.318022 -0.006455 -0.018775 -0.442565 -0.356300 -0.372993 -0.378605 -0.036275 -0.041530 -0.392444 -0.283485 -0.162496 0.073906 -0.050596 0.079297 0.078337 0.088427 0.088106 0.224756 0.224756 0.233573 0.233573 0.239931 0.239931 0.243771 0.243771 0.245055 
0.002003 0.002324 -0.009385 -0.008425 0.038428 0.042888 -0.014187 -0.014853 0.048515 0.043440 0.042173 0.042173 -0.096533 -0.111666 0.192797 0.227456 0.019014 -0.000513 0.041831 0.041831 0.215435 0.180195 -0.239632 -0.163237 0.247862 0.206707 0.117750 0.064090 0.157047 0.090443 -0.069326 -0.149062 -0.082780 -0.102384 0.086524 -0.012564 -0.004417 -0.115821 -0.218410 -0.341388 -0.446646 -0.482131 -0.376042 -0.409711 -0.301798 -0.551246 -0.665054 -0.590027 -0.590348 -0.502902 -0.502902 -0.526286 -0.526286 -0.546467 -0.546467 -0.563250 -0.563250 -0.576474 -0.576474 -0.586012 -0.586012 -0.591772 -0.591772 -0.593698 
0.003262 0.002620 -0.012601 -0.013240 0.013209 0.005878 -0.009068 -0.025829 -0.069952 -0.068194 0.064535 0.043210 -0.072232 -0.087821 -0.129682 -0.127731 0.077907 0.063365 -0.101709 -0.147102 -0.233643 -0.256089 -0.004849 -0.028506 -0.168900 -0.240854 -0.378638 -0.410370 -0.410234 -0.442592 -0.141655 -0.040994 -0.181627 -0.274431 -0.554320 -0.500533 -0.320913 -0.253933 -0.050711 -0.155210 -0.357481 -0.375224 -0.484813 -0.397943 -0.290265 -0.300774 -0.300774 -0.310470 -0.310470 -0.319257 -0.319257 -0.327051 -0.327051 -0.333778 -0.333778 -0.339373 -0.339373 -0.343781 -0.343781 -0.346960 -0.346960 -0.348880 -0.348880 -0.349522 
0.002276 0.002276 -0.003801 -0.003801 0.001815 -0.001056 -0.047327 -0.044456 0.057791 0.057791 -0.127982 -0.127982 0.064576 0.079709 -0.088572 -0.045126 -0.012627 0.026290 0.043578 0.005340 0.225663 0.236886 -0.214440 -0.284920 0.058901 0.058901 -0.105660 -0.051999 -0.036856 0.089880 0.004539 0.024143 -0.089037 0.003768 0.296685 0.322571 0.018389 -0.042245 0.270043 0.380702 -0.053324 -0.029667 0.068247 -0.013011 0.225070 0.567714 0.214326 0.357218 0.353709 0.384464 0.508002 0.779479 0.654339 0.684610 0.684289 0.837722 0.837722 0.859763 0.859763 0.875659 0.875659 0.885259 0.885259 0.888469 
-0.008020 -0.008341 0.010160 0.007919 -0.022736 -0.023045 0.011885 0.019831 0.006527 0.017196 -0.068313 -0.061586 0.165185 0.188112 -0.072087 -0.058906 0.193891 0.159686 -0.080148 -0.074894 0.127708 0.133320 -0.100106 -0.094191 0.020272 0.026432 0.104339 0.110686 -0.144724 -0.138252 0.226495 0.299697 0.000603 0.013672 0.221909 0.234852 0.234467 0.333178 0.032222 -0.041477 0.269607 0.281435 0.172079 0.079598 -0.034766 0.188408 0.301255 0.201990 0.201397 0.210184 0.337162 0.344957 0.090387 0.097114 0.354233 0.359828 0.229377 0.103323 0.235054 0.236644 0.236965 0.104912 0.104912 0.104912 
0.008278 0.008599 -0.034274 -0.030752 0.041409 0.049048 -0.026647 -0.017831 0.032346 0.051407 -0.050779 0.010980 0.061889 0.096965 0.155769 0.136733 0.013731 0.018442 0.020689 0.106221 0.074035 0.219037 0.348282 0.407425 0.207650 0.269250 0.498057 0.561520 0.394237 0.458953 0.297860 0.363205 0.631213 0.769759 0.479898 0.710430 1.016543 1.099045 0.781630 0.861709 1.183441 1.162233 0.829907 0.897246 1.004450 1.176468 1.302596 1.365614 1.121885 1.297203 1.421631 1.476193 1.348894 1.521443 1.520484 1.562442 1.562121 1.725644 1.725644 1.751079 1.751079 1.766438 1.766438 1.771575 
0.003711 0.004032 -0.004328 -0.003368 0.005788 0.007378 -0.009937 -0.012808 -0.013826 -0.005954 0.025240 0.017368 -0.153935 -0.123670 0.107856 0.194748 0.039560 0.068645 0.178746 0.269532 0.045005 0.054658 0.346698 0.346943 0.285677 0.417265 0.381594 0.432364 0.339526 0.391299 0.643186 0.628795 0.452164 0.497905 0.688759 0.654387 0.554189 0.506248 0.614494 0.553115 0.442573 0.368137 0.482363 0.499198 0.381608 0.397373 0.517760 0.532303 0.409119 0.422299 0.547687 0.559379 0.431787 0.441877 0.571059 0.579451 0.448679 0.455292 0.587023 0.591792 0.592113 0.461980 0.461980 0.462623 
0.011843 0.011843 -0.022845 -0.022845 0.024256 0.021385 -0.049144 -0.051348 0.029830 0.027033 -0.034168 -0.015061 -0.154434 -0.150536 0.198714 0.183582 -0.159571 -0.159571 -0.066027 -0.066027 -0.079047 -0.079047 0.052551 0.217169 -0.175382 -0.150742 0.266575 0.345621 0.193610 0.165835 0.183514 0.209652 -0.054487 0.044852 0.306582 0.498285 0.504468 0.462873 0.461464 0.314066 0.210627 0.234284 0.334926 0.357372 0.246529 0.267549 0.500262 0.519652 0.285028 0.420803 0.419843 0.439330 0.439009 0.581287 0.581287 0.598071 0.598071 0.611295 0.611295 0.620833 0.620833 0.626593 0.626593 0.628519 
-0.003896 -0.004217 0.000412 -0.000548 -0.019845 -0.015694 0.041799 0.038928 0.020886 0.013014 -0.004146 -0.007509 0.030099 0.011069 -0.054815 -0.044076 -0.097720 -0.005072 0.429398 0.356277 -0.306709 -0.306709 0.237280 0.154971 0.080590 0.115584 0.076210 0.069864 -0.168224 -0.234828 0.081036 0.001301 -0.010314 -0.103118 -0.203148 -0.388379 -0.266198 -0.132237 -0.234345 -0.258985 -0.258985 -0.282642 -0.285424 -0.307871 -0.189872 -0.210892 -0.326851 -0.346242 -0.226267 -0.362042 -0.486862 -0.628446 -0.629727 -0.524446 -0.524767 -0.410495 -0.410495 -0.419311 -0.419311 -0.425670 -0.425670 -0.429509 -0.429509 -0.430793 
-0.008132 -0.007811 0.024461 0.026702 -0.038467 -0.046770 0.044129 0.039721 -0.039624 -0.037347 -0.026832 -0.018960 -0.081527 -0.066394 0.093861 0.098255 -0.096709 -0.116235 0.035448 0.094706 -0.021057 -0.009834 -0.022887 0.030096 0.176465 0.194945 0.128788 0.147826 0.062655 0.021937 0.099349 0.112418 0.119414 0.132483 0.032398 0.045342 0.348461 0.361154 -0.152456 -0.047957 0.274403 0.292145 0.168795 -0.021780 -0.033839 -0.028584 0.099000 0.331462 0.088868 0.102049 0.099808 0.233597 0.232955 0.497332 0.497332 0.514115 0.514115 0.527340 0.527340 0.536878 0.536878 0.542637 0.542637 0.544564 
0.008007 0.008328 0.008882 0.009842 0.012343 0.016804 -0.056476 -0.046994 0.034759 0.051023 -0.030043 -0.016589 0.065340 0.065796 -0.006756 0.006425 0.057411 0.096327 -0.009548 0.041100 0.032878 0.025696 0.089071 0.112728 0.121071 0.240339 0.099438 0.137516 0.267061 0.366022 0.207804 0.253545 0.515355 0.561097 0.290363 0.255991 0.142817 0.352932 0.671209 0.720488 0.492988 0.540302 0.778496 0.823388 0.473125 0.624123 0.863307 0.906935 0.660200 0.699743 0.823220 0.980393 0.979779 1.013413 1.014657 1.042630 0.911537 1.064040 1.195772 1.213258 1.080567 1.091126 1.224139 1.094337 
-0.000249 -0.000249 -0.014993 -0.016274 0.013517 0.014798 -0.043467 -0.038393 0.019008 0.029677 0.049668 0.056395 -0.039649 -0.016722 0.030819 0.024474 0.045233 0.054928 -0.045026 -0.034516 0.087566 0.098789 -0.033190 0.060947 0.180977 0.205617 0.312112 0.391157 0.256181 0.288539 0.194221 0.226893 0.498374 0.531047 0.525915 0.558273 -0.023982 -0.078270 0.533588 0.650406 0.756204 0.687682 0.470069 0.285106 0.287271 0.188821 0.303576 0.422230 0.301734 0.192321 0.314098 0.317995 0.446254 0.324156 0.068281 0.068281 0.196218 0.196218 0.196218 0.196218 0.196218 0.196218 0.196218 0.196218 
0.007023 0.006381 -0.042286 -0.042925 0.068876 0.067286 -0.072033 -0.084386 0.095827 0.087435 -0.061852 -0.071942 -0.066788 -0.063347 0.091908 0.063595 -0.170896 -0.185439 0.170222 0.184086 -0.111688 -0.158152 -0.110629 -0.046063 0.073761 0.020287 0.014849 -0.051505 0.052831 -0.026716 -0.025527 0.015001 -0.135619 -0.082021 -0.009394 -0.181682 0.006452 -0.190971 -0.186535 -0.407853 -0.508687 -0.556001 -0.451657 -0.496549 -0.495907 -0.755866 -0.755866 -0.804341 -0.804341 -0.848277 -0.848277 -0.887250 -0.887250 -0.920884 -0.920884 -0.948856 -0.948856 -0.970897 -0.970897 -0.986794 -0.986794 -0.996393 -0.996393 -0.999603 
-0.011711 -0.011390 0.036474 0.037434 -0.063392 -0.064673 0.083720 0.083720 -0.039159 -0.031287 0.014857 0.029456 0.127069 0.149996 0.035508 0.009637 -0.056927 -0.076453 0.204702 0.204702 0.064927 0.064927 0.019453 -0.021701 0.044096 0.085251 0.072501 0.072501 0.146346 0.146346 0.082433 0.015766 0.260410 0.180674 -0.091894 -0.264182 0.036058 0.096692 -0.002945 -0.113604 -0.215068 -0.238725 -0.021879 -0.148030 -0.144530 -0.279764 -0.395724 -0.424809 -0.306608 -0.451171 -0.450850 -0.600229 -0.600229 -0.627136 -0.627136 -0.649514 -0.649514 -0.667146 -0.667146 -0.679864 -0.679864 -0.687543 -0.687543 -0.690111 
-0.005025 -0.004383 0.000376 0.001015 0.005599 0.010059 -0.043743 -0.034260 0.124385 0.148521 -0.097406 -0.091824 0.149884 0.150340 -0.005160 0.008020 0.059253 0.073796 0.076253 0.062389 0.086182 0.132645 0.055721 0.032309 0.113592 0.078597 -0.167671 -0.161324 0.000102 0.066706 0.067522 0.147257 0.144630 0.310636 0.317285 0.269970 0.168704 0.280108 0.271754 0.210375 0.432614 0.456270 0.118582 0.141028 0.254478 0.275498 0.152870 0.286067 0.645011 0.666979 0.305189 0.568872 0.567282 0.590826 0.720008 0.739588 0.609447 0.624875 0.624554 0.767734 0.767734 0.775414 0.775414 0.777982 
0.009047 0.009047 -0.016700 -0.019262 0.044877 0.044568 -0.042331 -0.054684 0.035158 0.018895 -0.015504 -0.017722 0.015216 0.003524 -0.054603 -0.106836 0.026673 0.002435 -0.138283 -0.283072 -0.094616 -0.145120 -0.420551 -0.473779 -0.184067 -0.239506 -0.481695 -0.538812 -0.298172 -0.416548 -0.672222 -0.737567 -0.639054 -0.704399 -0.806894 -0.791937 -0.688666 -0.659764 -0.657751 -0.614852 -0.723050 -0.764450 -0.767754 -0.807035 -0.808058 -0.844842 -0.729082 -0.763015 -0.881509 -0.912264 -0.911378 -0.816561 -0.818398 -0.838579 -0.839218 -0.984259 -0.854118 -0.869546 -1.000009 -0.879084 -0.879084 -0.884844 -0.884844 -0.886770 
-0.008199 -0.008199 0.033235 0.033235 -0.051624 -0.057365 0.028521 0.029188 -0.044308 -0.031362 0.036750 0.051348 0.001752 -0.005586 0.007844 -0.007289 -0.076504 -0.052131 0.073664 0.078919 -0.117714 -0.041622 0.306361 0.365258 0.083440 0.108080 -0.009828 -0.091764 0.177118 0.129929 -0.022405 -0.015870 -0.019170 0.133766 0.030555 0.049970 0.253657 0.272696 0.060505 0.171163 0.278161 0.301818 0.301818 0.324264 0.206164 0.227183 0.467412 0.486802 0.241027 0.258602 0.385433 0.401022 0.273748 0.538125 0.667627 0.556152 0.425381 0.436401 0.568132 0.576081 0.443389 0.448189 0.581201 0.449473 
-0.001591 -0.001591 0.003357 0.003357 0.003924 -0.001818 0.006228 -0.003255 0.005064 -0.011200 -0.037943 -0.062632 -0.072614 -0.092101 0.009196 -0.032298 -0.039758 -0.068843 -0.319715 -0.351244 -0.132883 -0.131312 -0.098062 -0.127633 -0.114142 -0.192256 -0.398317 -0.436395 -0.211517 -0.190214 -0.275844 -0.241850 -0.046663 -0.219203 -0.514266 -0.553096 -0.340879 -0.464976 -0.592247 -0.635367 -0.400125 -0.441524 -0.784203 -0.823484 -0.471281 -0.508065 -0.869226 -0.903159 -0.659588 -0.690343 -0.688753 -0.716034 -0.842397 -0.865942 -0.738004 -0.757584 -0.756634 -0.902525 -1.034577 -0.915242 -0.782551 -0.789271 -0.922283 -0.791197 
-0.007467 -0.007467 0.005167 0.002605 -0.007198 -0.007507 0.007358 0.000079 -0.124354 -0.122076 0.115793 0.112429 -0.080425 -0.054057 0.059410 0.063804 -0.035508 -0.055034 0.123209 0.152838 -0.023176 0.017676 0.046137 0.016811 0.097211 0.103371 0.134028 0.140374 0.125253 0.131724 0.238405 0.044939 -0.050046 -0.063115 -0.153569 -0.166513 -0.071973 -0.084666 -0.087285 -0.007426 0.106827 0.002820 -0.339534 -0.454462 -0.105942 -0.121707 -0.363949 -0.264685 -0.138973 -0.147760 -0.271632 -0.157328 -0.157649 -0.035551 -0.163810 -0.035551 0.092707 -0.035551 -0.035551 -0.035551 -0.035551 -0.035551 -0.035551 -0.035551 
0.010936 0.010615 -0.030466 -0.032707 0.017874 0.014695 -0.051844 -0.035954 -0.007928 0.005539 0.028922 0.050248 -0.012241 0.018481 0.067541 0.089509 -0.020064 0.028547 0.135431 0.226218 0.170623 0.180276 0.174131 0.215531 0.211716 0.207521 0.211536 0.410596 0.484853 0.543097 0.482785 0.474928 0.453527 0.505803 0.513901 0.486000 0.564728 0.609152 0.527448 0.570567 0.655249 0.696648 0.713102 0.752383 0.634794 0.671578 0.791964 0.825897 0.702713 0.733468 0.858856 0.886137 0.887727 0.911271 0.782089 0.801670 0.931812 0.947240 0.947561 0.826636 0.826636 0.832396 0.832396 0.834322 
-0.003940 -0.003940 -0.021209 -0.025052 0.016611 0.011842 -0.025743 -0.012056 0.000756 -0.004318 -0.003436 -0.003436 -0.031220 -0.031220 0.034256 0.053782 -0.163223 -0.182749 0.076746 0.076746 -0.159666 -0.124425 0.174719 0.180633 0.003966 0.057440 0.078642 0.144995 0.143811 0.163226 0.072692 0.092296 0.190130 0.209734 0.104535 0.123949 0.327714 0.346753 0.245595 0.264075 0.266585 0.186235 0.068230 0.079453 0.425922 0.436432 0.327699 0.337395 0.093987 0.102774 0.348731 0.356526 0.357807 0.239072 0.239393 0.113932 0.113932 0.113932 0.113932 0.113932 0.113932 0.113932 0.113932 0.113932 
-0.009324 -0.009645 0.012146 0.013748 -0.016500 -0.014911 0.035387 0.032516 -0.027520 -0.027520 0.012064 0.000828 -0.011712 -0.030742 -0.091834 -0.120147 -0.104007 -0.118550 -0.029845 -0.045609 -0.143118 -0.159953 -0.212177 -0.229919 -0.167791 -0.138956 -0.208542 -0.060253 -0.145281 -0.138809 -0.059455 -0.052921 0.041386 0.047920 -0.047540 0.038604 -0.151600 -0.138908 -0.044101 -0.031781 0.056084 0.067913 -0.032409 -0.021186 0.086493 0.097003 -0.012278 0.225031 0.225031 0.242606 0.242606 0.258195 0.258195 0.271649 0.271649 0.282837 0.282837 0.291654 0.291654 0.298012 0.298012 0.301852 0.301852 0.303136 
-0.006566 -0.006887 0.011099 0.010139 -0.025734 -0.024453 0.010339 0.010339 -0.008387 0.007357 -0.036535 -0.029808 0.020839 0.028634 0.136950 0.165263 -0.048929 -0.010012 0.047778 0.098427 0.124657 0.152715 0.070740 0.018002 0.241908 0.260388 -0.045230 -0.026191 0.294636 0.374183 0.117381 0.143519 0.232823 0.258961 0.456113 0.481999 0.091270 0.116655 0.310040 0.334679 0.329171 0.254735 0.367861 0.384695 0.277301 0.293066 0.173196 0.415353 0.536170 0.558138 0.559098 0.578584 0.578905 0.470261 0.470261 0.481450 0.481450 0.490266 0.490266 0.496625 0.496625 0.500465 0.500465 0.501749 
0.004394 0.004073 -0.013424 -0.016946 0.031567 0.023928 -0.085469 -0.089211 0.034180 0.017916 -0.001058 -0.014512 -0.133557 -0.179412 -0.076768 -0.083603 0.010591 -0.013647 -0.156528 -0.182803 -0.167269 -0.195327 -0.197164 -0.144426 -0.082956 -0.148750 -0.196120 -0.275166 -0.379885 -0.412243 -0.246226 -0.345565 -0.528821 -0.568028 -0.379196 -0.338353 -0.532168 -0.563899 -0.561039 -0.499660 -0.395081 -0.222552 -0.334718 -0.345941 -0.230290 -0.349759 -0.348169 -0.362712 -0.361752 -0.374933 -0.374612 -0.508402 -0.508402 -0.521855 -0.521855 -0.533044 -0.533044 -0.541861 -0.541861 -0.548219 -0.548219 -0.552059 -0.552059 -0.553343 
-0.005098 -0.005098 0.015070 0.015070 -0.009386 -0.009386 0.002684 -0.002391 -0.027161 -0.029959 0.028486 0.013887 0.027230 0.034568 -0.135281 -0.120149 -0.074936 -0.050562 0.049509 0.084393 0.192886 0.168869 -0.063286 -0.057371 -0.005268 0.000892 0.059180 0.011866 0.091215 0.151347 0.001046 0.007580 0.004225 0.010760 0.182924 0.189396 0.103721 0.024048 -0.085760 -0.177939 -0.069521 0.022658 0.024495 0.024495 0.016110 0.016110 0.026378 0.140185 0.141775 0.146168 0.021988 0.025885 0.151026 0.154389 0.154710 0.029249 0.029249 0.029249 0.029249 0.029249 0.029249 0.029249 0.029249 0.029249 
-0.002877 -0.002877 0.012423 0.011142 -0.019352 -0.009459 0.001518 0.013205 0.018306 0.021623 0.011101 0.009956 0.120881 0.128676 0.013405 0.022192 0.027083 -0.011970 -0.026329 0.003299 0.032488 0.038100 0.167538 0.132298 0.075797 0.075797 -0.007404 -0.061065 0.109665 -0.017071 -0.273252 -0.292855 -0.315765 -0.408570 -0.309229 -0.255443 -0.269358 -0.202377 -0.195165 -0.115306 -0.206929 -0.016657 -0.130425 0.082596 0.197926 0.213691 0.215281 0.229823 0.109006 0.122187 0.243964 0.255656 0.255977 0.140606 0.140606 0.146200 0.146200 0.150608 0.150608 0.153788 0.153788 0.155708 0.155708 0.156350 
0.004617 0.004617 -0.004873 -0.003592 -0.008360 -0.006770 0.018352 0.025631 -0.016161 -0.018438 0.000131 0.003495 0.086845 0.105875 -0.112555 -0.103767 0.112010 0.121705 0.078337 0.088847 -0.112440 -0.136457 0.103485 0.109399 0.147398 0.153558 -0.066530 -0.167505 -0.017429 0.036232 -0.213063 -0.279729 -0.125638 0.014230 0.026688 0.033159 -0.167880 -0.075514 0.128075 0.140395 -0.072681 -0.060852 -0.076284 0.038644 0.163689 0.397373 0.398962 0.423200 0.305320 0.327288 0.326967 0.468552 0.468552 0.488732 0.488732 0.505516 0.505516 0.518740 0.518740 0.528278 0.528278 0.534038 0.534038 0.535964 
-0.001829 -0.001829 -0.007489 -0.007489 0.036394 0.022041 -0.033238 -0.044258 0.028820 0.022706 -0.076608 -0.090062 -0.070605 -0.086194 -0.005327 -0.003375 -0.059864 -0.074407 0.044511 -0.030510 -0.212045 -0.240103 -0.110905 -0.140476 -0.540666 -0.476837 0.000098 -0.018941 -0.105889 -0.245568 -0.145661 -0.178333 -0.435490 -0.541364 -0.460383 -0.419540 -0.421744 -0.453475 -0.351611 -0.382411 -0.597960 -0.627532 -0.518163 -0.546221 -0.544848 -0.462163 -0.700860 -0.720250 -0.483464 -0.382838 -0.380113 -0.513903 -0.639364 -0.527357 -0.527678 -0.407811 -0.407811 -0.412219 -0.412219 -0.415398 -0.415398 -0.417318 -0.417318 -0.417960 
0.009887 0.009887 -0.026832 -0.026832 0.087750 0.084879 -0.094364 -0.106717 0.095921 0.079657 -0.078202 -0.102891 0.010819 -0.008668 -0.042399 -0.064367 -0.111755 -0.160366 -0.087158 -0.089059 -0.140056 -0.238594 -0.048701 -0.090100 -0.420975 -0.511409 -0.154079 -0.204850 -0.603588 -0.595228 -0.347225 -0.459633 -0.453690 -0.432765 -0.423697 -0.468998 -0.768586 -0.813010 -0.510309 -0.461250 -0.353479 -0.388964 -0.603093 -0.740467 -0.744364 -0.781149 -0.662536 -0.696469 -0.693735 -0.724490 -0.849309 -0.998688 -0.999969 -0.901415 -0.773478 -0.793058 -0.921317 -0.806283 -0.806283 -0.815820 -0.815820 -0.821580 -0.821580 -0.823506 
0.000160 -0.000161 -0.005731 -0.005410 0.008674 0.008674 -0.018033 -0.023107 -0.103819 -0.106616 0.039341 0.058448 -0.043043 -0.024013 0.001719 0.010506 -0.102177 -0.068108 0.147383 0.222405 -0.049050 -0.056233 0.039492 0.021994 0.098008 0.211117 0.319406 0.404798 -0.074908 -0.036079 0.296892 0.336099 0.142754 0.255162 0.451576 0.576549 0.370280 0.421050 0.621785 0.578885 0.480579 0.521979 0.522758 0.665744 0.665177 0.707216 0.708376 0.747156 0.747771 0.782919 0.781712 0.812890 0.814727 0.841635 0.842274 0.992910 0.862768 0.882605 1.013068 0.895322 0.895322 0.903002 0.903002 0.905570 
-0.008857 -0.008857 0.015161 0.015161 -0.000815 -0.000815 0.018482 0.008333 0.038238 0.032644 -0.040017 -0.069215 0.020402 -0.010319 -0.068905 -0.090873 -0.017161 -0.065773 -0.139826 -0.171355 -0.056108 -0.160258 -0.191239 -0.279707 -0.407775 -0.557843 -0.329357 -0.345506 -0.652085 -0.716800 -0.550496 -0.415840 -0.410795 -0.456536 -0.451875 -0.497175 -0.799574 -0.843999 -0.441380 -0.484499 -0.581115 -0.622515 -0.846617 -0.989602 -0.879947 -0.813026 -0.813347 -0.733473 -0.733473 -0.759834 -0.759834 -0.783218 -0.783218 -0.803399 -0.803399 -0.820182 -0.820182 -0.833406 -0.833406 -0.842944 -0.842944 -0.848704 -0.848704 -0.850630 
-0.003055 -0.003376 0.021136 0.020176 -0.016544 -0.015263 0.006975 0.006975 0.005415 0.013287 -0.094092 -0.101964 0.109783 0.109783 -0.113258 -0.113258 0.075750 0.075750 -0.212649 -0.242278 -0.100684 -0.141536 -0.036733 -0.007407 -0.102746 -0.108906 -0.271501 -0.116865 0.115939 0.128882 -0.030365 -0.083962 -0.179850 -0.100115 -0.111667 -0.098724 0.104151 0.202863 -0.111347 -0.000688 0.104791 0.128448 0.231877 0.254323 0.150427 0.280406 0.158739 0.296784 0.419646 0.564209 0.438821 0.466102 0.593694 0.617238 0.488056 0.507637 0.506677 0.522105 0.653836 0.664964 0.532912 0.672644 0.672644 0.675212 
-0.003433 -0.004075 0.036736 0.034816 -0.047717 -0.050896 0.013623 0.009215 -0.142554 -0.148148 0.063550 0.068059 -0.152622 -0.156519 -0.073141 -0.077534 0.006606 0.001758 -0.227473 -0.203099 0.012155 0.047395 -0.155838 -0.149924 -0.052599 0.000875 -0.149725 -0.137032 0.041273 0.234613 -0.199567 0.033106 0.486523 0.612000 0.609352 0.667596 0.381030 0.266109 0.362490 0.405609 0.391499 0.432899 0.548214 0.587495 0.586895 0.623680 0.503822 0.537755 0.657933 0.570488 0.571127 0.716608 0.716929 0.615012 0.615012 0.631795 0.631795 0.645020 0.645020 0.654558 0.654558 0.660318 0.660318 0.662244 
-0.001386 -0.001386 -0.002819 -0.002819 -0.023147 -0.023147 0.022383 0.022383 -0.107350 -0.091606 0.063813 0.059305 0.070237 0.074134 -0.098388 -0.035416 0.134667 0.202805 -0.074780 -0.043250 0.136034 0.134464 0.110529 0.181254 0.087041 0.124000 0.216637 0.254714 0.437429 0.476259 -0.041147 -0.001940 0.351785 0.317791 0.399514 0.511544 0.336309 0.460406 0.347588 0.298528 0.514244 0.745916 0.638727 0.683619 0.572393 0.614432 0.605620 0.758208 0.880753 0.802095 0.798484 0.829662 0.705974 0.858343 0.987525 1.012700 0.882558 0.902395 0.902074 1.048433 1.048433 1.058033 1.058033 1.061243 
0.007091 0.006770 -0.016576 -0.016255 0.032622 0.032622 0.014086 0.014086 -0.049859 -0.049859 0.126198 0.171139 -0.024426 -0.039102 0.045828 0.035088 -0.084251 -0.128151 0.141152 0.135897 -0.111507 -0.117119 0.160191 0.154277 -0.331567 -0.337726 0.247280 0.294595 -0.024659 -0.024659 0.065195 -0.068138 -0.078467 -0.091536 -0.184357 -0.197300 -0.095345 -0.108037 -0.108221 -0.120541 -0.230208 -0.143944 0.079989 0.074378 -0.155465 -0.269680 -0.152656 -0.162351 -0.160578 -0.169365 -0.294505 -0.302300 -0.303581 -0.184846 -0.185167 -0.059706 -0.059706 -0.059706 -0.059706 -0.059706 -0.059706 -0.059706 -0.059706 -0.059706 
-0.007674 -0.007674 0.019600 0.018319 -0.047524 -0.046243 0.066433 0.066433 -0.064055 -0.056183 0.022008 0.014136 0.070898 0.070898 -0.049959 0.008620 -0.013734 -0.047939 -0.036100 -0.060474 0.106063 0.106063 0.088690 0.047535 -0.309092 -0.220623 0.367252 0.373599 -0.096560 -0.090089 0.085405 0.091939 0.172970 0.179504 0.075910 -0.076964 -0.054024 -0.146389 -0.373903 -0.294044 0.237672 0.231758 -0.311297 -0.213204 0.018884 0.127843 0.006297 0.011145 0.136102 0.140496 0.015738 0.019635 0.019928 0.148753 0.147509 0.153103 0.284196 0.158141 0.026410 0.028000 0.160691 0.161651 0.028638 0.162293 
-0.000315 -0.000315 0.021244 0.021244 -0.043820 -0.040949 0.076280 0.083559 -0.093712 -0.095990 0.114548 0.117911 -0.069851 -0.065954 -0.022420 -0.018026 -0.008666 -0.003818 0.077145 0.082399 -0.104813 -0.028721 0.199578 0.217321 0.123385 0.236493 0.089190 0.120922 0.454290 0.366383 0.009410 0.029014 0.586617 0.533020 -0.032664 -0.019721 0.064775 -0.008552 0.299422 0.305582 0.086743 -0.005436 0.115213 0.115213 -0.116801 -0.116801 -0.243213 -0.015599 0.350033 0.358820 -0.012846 0.117046 0.243357 0.378909 0.249406 0.388854 0.387894 0.398914 0.530645 0.538594 0.406541 0.544354 0.544354 0.546280 
0.007223 0.006902 -0.022075 -0.024316 0.018933 0.021494 -0.042902 -0.042902 0.084524 0.092396 -0.138159 -0.146031 0.043299 0.073564 0.012131 0.040444 -0.060468 -0.021552 0.134761 0.155781 -0.008959 0.048728 0.173733 0.244458 0.173973 0.210933 0.219970 0.204387 0.191436 0.283926 0.280757 0.319964 0.328655 0.367862 0.355178 0.314335 0.608016 0.639747 0.347592 0.378392 0.374592 0.404163 0.517903 0.545961 0.426134 0.452408 0.575069 0.599307 0.601536 0.741704 0.742985 0.644271 0.519130 0.535948 0.661409 0.547136 0.547136 0.555953 0.555953 0.562311 0.562311 0.566151 0.566151 0.567435 
-0.014283 -0.014604 0.025071 0.024111 -0.038545 -0.037264 0.047761 0.047761 -0.089015 -0.089015 0.152262 0.152262 -0.185230 -0.215495 0.152673 0.143886 -0.243043 -0.252738 -0.110292 -0.180059 -0.007321 -0.029767 -0.226732 -0.250389 -0.372186 -0.396826 -0.258242 -0.176306 -0.265140 -0.278083 -0.251531 -0.131267 -0.337438 -0.337438 -0.143069 -0.063396 -0.062713 0.029652 -0.366246 0.014789 0.327761 0.363246 0.250451 0.284120 0.514312 0.327922 0.095208 0.114598 0.112688 0.248463 0.372643 0.392130 0.266989 0.283806 0.283485 0.425730 0.425730 0.438954 0.438954 0.448492 0.448492 0.454252 0.454252 0.456178 
-0.005672 -0.006314 0.009350 0.008712 -0.015139 -0.022470 0.018040 0.006353 -0.055347 -0.066536 -0.003889 0.005128 -0.127281 -0.150209 0.035927 0.003220 -0.173751 -0.144394 -0.115981 -0.156119 -0.076234 -0.057828 -0.272956 -0.284785 -0.054908 0.027401 -0.283228 -0.283228 0.028704 0.088836 -0.073985 -0.067451 0.032986 0.039520 -0.147624 -0.061480 0.126124 0.138817 0.150213 0.162533 0.053769 -0.032495 -0.030627 0.078689 0.074192 0.084702 0.204889 0.214584 0.216495 0.107082 0.108041 0.111939 0.112260 -0.009838 -0.009838 -0.009838 -0.009838 -0.009838 -0.009838 -0.009838 -0.009838 -0.009838 -0.009838 -0.009838 
0.004027 0.004348 0.013411 0.013090 0.014509 0.011638 -0.010116 -0.002171 0.006586 0.017255 -0.101220 -0.083258 0.062725 0.089549 0.146362 0.124884 -0.012878 -0.003183 0.084666 0.124805 -0.046098 -0.029263 0.241292 0.217880 0.004227 0.063861 0.215981 0.074038 -0.184318 -0.244450 0.023291 0.016757 -0.349213 -0.062943 0.209444 0.308531 0.203661 0.057008 0.166733 0.271232 0.047836 0.065579 0.287944 0.304779 0.191687 0.207451 0.207651 0.222193 0.346667 0.478049 0.228480 0.244069 0.370087 0.383541 0.254038 0.393485 0.523627 0.534647 0.534968 0.410864 0.410864 0.414704 0.414704 0.415988 
0.013833 0.014475 -0.011141 -0.006659 0.024382 0.030741 0.014425 0.028316 0.009594 0.015709 0.004356 0.029045 0.113733 0.118087 -0.045693 -0.008593 0.074332 0.098570 0.083251 0.109525 0.210736 0.203553 0.053442 0.118253 0.150133 0.180933 0.497357 0.582749 0.126900 0.165729 0.324298 0.363505 0.458470 0.497677 0.210782 0.169938 0.567836 0.685586 0.264286 0.301246 0.729067 0.666459 0.448249 0.476307 0.479806 0.615039 0.613241 0.528519 0.530565 0.670734 0.544386 0.567770 0.565859 0.711501 0.840683 0.860263 0.730122 0.745550 0.745229 0.888409 0.888409 0.896089 0.896089 0.898657 
0.008876 0.008233 -0.023839 -0.024478 0.037407 0.038688 -0.050157 -0.050157 0.035019 0.035019 0.039755 0.017284 -0.067066 -0.089993 -0.018670 0.007202 0.048805 0.092705 0.023857 0.029112 0.188914 0.194525 0.073542 0.079456 0.295749 0.254594 0.095679 -0.011642 0.096072 0.022996 0.013685 -0.072585 -0.067538 -0.093676 -0.011420 -0.037306 -0.024170 -0.221594 -0.339599 -0.468737 -0.240277 -0.281677 -0.517360 -0.660346 -0.427002 -0.578000 -0.697143 -0.740771 -0.740499 -0.661841 -0.663048 -0.694226 -0.565674 -0.592582 -0.721443 -0.872079 -0.873039 -0.892875 -0.893196 -0.775451 -0.775451 -0.783131 -0.783131 -0.785699 
-0.016854 -0.016212 0.001830 0.005031 -0.029996 -0.028097 0.043885 0.053368 -0.030275 -0.021884 0.079434 0.089524 0.005295 0.001854 0.074114 0.082901 0.138631 0.172700 -0.140455 -0.095062 0.173062 0.195508 0.114780 0.138437 0.245039 0.364308 0.059915 0.151654 0.393956 0.379124 0.507368 0.413242 0.271839 0.297977 0.175263 0.121476 0.511792 0.358793 -0.044767 -0.038607 0.180448 0.382549 0.270799 0.391338 0.391338 0.412358 0.533789 0.553179 0.307998 0.325572 0.573933 0.589522 0.591442 0.604896 0.605538 0.360209 0.360209 0.364617 0.364617 0.367797 0.367797 0.369717 0.369717 0.370359 
-0.031630 -0.031630 0.038356 0.038356 -0.024028 -0.024028 0.068683 0.068683 -0.075831 -0.083703 0.089479 0.086116 -0.090873 -0.094771 -0.035802 -0.020669 0.070537 0.070537 -0.059584 -0.089212 0.033768 -0.007084 0.069229 0.016246 -0.165889 -0.089740 -0.085232 -0.198900 -0.045604 -0.004886 -0.179508 -0.059244 0.042867 -0.030334 -0.039957 -0.046428 -0.045468 -0.051815 0.055189 -0.043150 -0.149679 -0.161507 -0.161507 -0.172730 -0.058614 -0.069124 -0.067204 -0.076899 -0.076257 -0.321446 -0.321446 -0.337035 -0.337035 -0.350489 -0.350489 -0.361678 -0.361678 -0.370494 -0.370494 -0.376852 -0.376852 -0.380692 -0.380692 -0.381976 
0.004875 0.005196 -0.029030 -0.029351 0.042937 0.042937 -0.041415 -0.036341 -0.004996 -0.010071 0.032014 0.032014 -0.077623 -0.077623 0.039354 0.078406 -0.049196 0.009247 0.065468 0.086487 0.070466 0.057673 0.036188 0.053930 0.150299 0.168778 0.021595 0.040634 0.036787 0.056201 0.130256 0.216526 0.120694 0.146832 0.355893 0.381779 0.084993 0.282416 0.379839 0.416798 0.634169 0.669654 0.452320 0.382285 0.263137 0.180452 0.413010 0.546207 0.428967 0.569135 0.569135 0.592519 0.592519 0.612700 0.612700 0.629483 0.629483 0.642707 0.642707 0.652245 0.652245 0.658005 0.658005 0.659931 
0.006565 0.006565 -0.019689 -0.020970 0.019491 0.017901 -0.030139 -0.032343 0.045634 0.042837 -0.124600 -0.127963 0.012611 0.023847 -0.147407 -0.147407 0.069703 0.069703 -0.244207 -0.184949 0.152275 0.163498 -0.017654 -0.005825 -0.072029 -0.059709 -0.057297 -0.044605 -0.051421 0.141919 0.236689 0.336028 0.249786 0.288993 0.286810 0.245967 -0.042492 0.075258 0.456347 0.585485 0.603104 0.546410 0.320609 0.250573 0.366252 0.501486 0.257549 0.286634 0.647491 0.673853 0.558449 0.703931 0.576953 0.600497 0.471279 0.619118 0.877518 0.764688 0.634225 0.777405 0.777405 0.785085 0.785085 0.787653 
0.009112 0.008791 -0.024321 -0.026562 0.019057 0.018748 -0.041563 -0.033618 0.050065 0.052863 -0.024229 -0.009630 0.029339 0.037133 0.106459 0.115246 -0.017151 -0.007456 -0.034424 -0.053543 0.226584 0.196955 -0.049499 -0.008345 0.021708 0.027868 0.138755 0.091441 0.026862 -0.033270 -0.131457 -0.137991 0.129836 0.196503 -0.072338 -0.072338 0.030409 0.116428 0.107865 0.114025 0.226807 0.232721 0.119137 -0.082660 0.034929 0.029674 -0.090712 -0.095560 0.027624 0.023230 -0.102158 -0.106055 0.021537 0.018174 -0.111008 -0.113805 0.016966 0.014762 -0.116969 -0.118559 -0.118880 0.013172 0.013172 0.013172 
-0.001225 -0.000583 -0.011704 -0.008503 0.029204 0.033973 -0.038618 -0.021856 0.139290 0.153276 -0.038190 -0.055078 0.217296 0.225090 -0.035387 -0.026600 0.185813 0.195509 0.088806 0.099316 0.211625 0.117127 0.075272 -0.012951 0.068388 0.002594 -0.077405 -0.102790 -0.085205 -0.111091 -0.215703 -0.308508 -0.131979 -0.164652 -0.263876 -0.216561 -0.110666 -0.136051 -0.133927 -0.250745 -0.354065 -0.285543 -0.293974 -0.420125 -0.186245 -0.212519 -0.449505 -0.587550 -0.465326 -0.491687 -0.617396 -0.518682 -0.391090 -0.407907 -0.537089 -0.551075 -0.420304 -0.431324 -0.563055 -0.571004 -0.571325 -0.443112 -0.443112 -0.444396 
