4.000000 
2.000000 
-0.153457 -0.020123 -0.020123 0.113210 
0.034433 0.308745 0.329733 1.118260 
-0.070917 0.030149 0.202909 0.051319 
0.131690 -0.179386 -0.197486 -0.255871 
0.116015 -0.223900 -0.271090 -0.096030 
-0.134576 0.571890 0.186767 0.753197 
-0.180328 0.395228 0.054123 0.885738 
0.241089 -0.371466 -0.283120 -0.060692 
0.016990 0.157596 -0.217227 0.208080 
-0.038977 -0.155683 0.265676 -0.422916 
-0.075305 -0.094881 0.142960 -0.222593 
-0.097504 -0.014701 -0.096449 -0.015902 
0.024579 0.109354 -0.327524 0.403184 
0.115153 -0.263018 0.664685 -0.776969 
0.023283 0.017551 -0.186408 0.195880 
-0.077933 0.070369 0.195241 -0.195306 
0.095083 -0.141041 0.378367 -0.397146 
0.013493 0.074867 -0.715008 0.750419 
0.103007 -0.130777 -0.701822 0.717167 
-0.091439 0.286998 -0.171573 0.267460 
-0.014449 0.022788 0.019201 0.026731 
0.004220 0.111939 -0.306430 0.423127 
-0.019430 0.155013 0.170589 -0.164855 
0.063815 0.154437 -0.627045 0.791411 
0.047225 -0.341662 0.623748 -0.776950 
-0.020089 -0.037495 0.109354 -0.203153 
-0.043791 0.154551 -0.285983 0.368464 
0.035788 0.015020 -0.108949 0.169738 
0.392352 -0.426557 0.555447 -0.569094 
-0.141888 0.154493 -0.178908 0.188304 
0.199235 -0.199537 0.217442 -0.217169 
0.114535 -0.114591 0.183436 -0.183493 
0.048629 -0.049942 0.177756 -0.179293 
0.172592 -0.212303 0.322091 -0.355226 
-0.381263 0.517000 -0.938813 1.057456 
0.054444 -0.156298 0.291349 -0.364609 
0.360404 -0.433633 0.688763 -0.717342 
0.111481 -0.209274 0.338810 -0.362269 
0.092995 -0.315834 0.259063 -0.440109 
0.045206 0.082516 -0.478585 0.579849 
0.015006 -0.396141 0.820809 -0.988751 
-0.031040 0.288952 -0.332137 0.404070 
0.022100 0.284608 -1.200682 1.369629 
0.017539 -0.044616 0.511944 -0.572176 
-0.043144 0.150853 -1.054797 1.158592 
-0.036857 0.073781 0.178949 -0.189145 
0.010141 -0.010314 -0.358681 0.365697 
-0.077135 0.094803 -0.175413 0.185576 
-0.059790 0.079653 -0.167263 0.188453 
-0.019395 -0.243044 0.809345 -0.990026 
0.019012 0.112597 -0.310997 0.404020 
0.045295 -0.072638 0.276568 -0.197408 
0.004204 0.164705 -0.282970 0.417112 
-0.023069 -0.085614 0.138147 -0.215104 
-0.307614 -0.029792 0.250902 -0.879776 
0.052734 0.159116 0.246567 1.569296 
-0.103223 0.169595 -0.090498 -0.215382 
0.050349 0.012913 0.499678 1.359437 
0.024641 -0.108215 -0.207137 -0.466012 
-0.029304 -0.150572 0.102291 -0.398014 
0.106959 0.338684 0.030416 0.515128 
-0.079290 0.036965 0.116675 -0.153940 
0.141648 0.345652 0.074365 0.542765 
0.147618 -0.109456 -0.213036 -0.597502 
0.132788 0.163248 -0.297117 0.741319 
0.313396 -0.241069 -0.172953 -0.217277 
-0.058428 0.154983 0.115379 0.451873 
0.059243 -0.013712 0.006452 -0.595651 
0.072061 -0.024867 -0.663610 0.315163 
0.164488 -0.120777 0.274822 0.267937 
0.194198 -0.050534 -0.168074 0.434743 
0.012432 0.152864 -0.298124 0.417554 
0.008939 -0.066470 0.233902 -0.202661 
0.214744 -0.115414 0.436298 -0.374578 
0.067229 0.156667 -0.385672 0.607176 
0.030580 -0.057526 0.179578 -0.192876 
-0.023717 0.017984 0.019738 -0.002523 
-0.122559 0.135780 -0.006922 0.009652 
0.189010 -0.331326 0.933815 -0.982876 
-0.041025 0.035654 0.187393 -0.157330 
-0.045531 0.033599 0.701124 -0.744815 
0.049532 -0.015705 -0.179344 0.159117 
0.014292 -0.046893 -0.510151 0.544806 
0.061920 0.132501 -0.545211 0.515082 
-0.039804 0.077429 -0.115220 0.257372 
0.184206 -0.317423 -0.203197 0.122238 
-0.042542 -0.147180 0.795201 -0.938968 
0.119341 -0.171927 0.318786 -0.368116 
-0.200954 0.337451 -0.513896 0.560612 
-0.368181 0.403042 -0.557965 0.558807 
-0.366331 0.439308 -0.662863 0.720662 
-0.247941 0.261823 -0.361978 0.373240 
0.368012 -0.400728 0.769946 -0.802373 
0.456616 -0.464786 0.693330 -0.701461 
0.126873 -0.132536 0.180563 -0.185559 
-0.107768 0.157558 -0.294116 0.339077 
-0.137942 0.086494 0.061413 -0.137225 
0.164835 -0.222107 0.341967 -0.368404 
0.096016 -0.133378 0.194354 -0.182854 
-0.058686 0.260277 -0.476833 0.574412 
