32.000000 
1.000000 
0.026927 0.026927 -0.044227 -0.044227 -0.003342 -0.003342 -0.053443 -0.053443 -0.003202 -0.003202 -0.012725 -0.012725 0.076411 0.076411 -0.201905 -0.201905 0.040614 0.279632 -0.014345 0.207531 0.545194 0.499118 0.254315 -0.046697 0.073779 0.204168 0.071030 0.083351 0.080789 0.352481 0.352481 0.357605 
-0.013330 -0.001848 -0.001622 0.011292 0.033779 -0.035183 0.036985 -0.083793 -0.064210 0.054642 -0.123024 -0.011558 0.200299 -0.000052 -0.153477 0.088956 0.087861 -0.179974 0.204206 -0.312878 0.000207 0.707246 -0.988733 0.651680 0.140251 0.450820 -0.600291 0.480931 0.007103 0.000484 0.372685 -0.189964 
-0.003230 -0.003198 0.020782 0.045029 -0.051406 -0.027173 0.043041 0.090477 -0.096142 -0.049675 0.125587 0.064986 -0.132228 -0.070242 0.073448 -0.081242 0.172246 -0.180643 0.096010 -0.103715 0.109453 -0.117325 0.123942 -0.131531 0.139230 -0.145946 0.155391 -0.163136 0.172527 -0.178981 0.190672 -0.192763 
0.016155 0.001988 -0.021908 -0.008213 -0.028796 0.062650 -0.079763 0.043700 -0.156120 -0.061955 0.107307 0.187792 -0.400849 0.288683 -0.079077 -0.159482 0.263531 -0.095246 -0.190199 0.306553 -0.114115 0.000993 -0.016246 0.263979 -0.271116 0.263148 0.473291 -0.638987 0.627679 0.920326 -0.931003 0.931103 
0.003366 0.003752 -0.043874 -0.117082 0.122768 0.052252 -0.086250 0.140504 -0.281903 0.240917 -0.121755 0.130107 -0.136416 0.139521 -0.150683 0.158918 -0.182325 0.183334 -0.183252 0.205531 -0.234811 0.234914 -0.234001 0.257689 -0.295203 0.295209 -0.295047 0.306975 -0.363713 0.363713 -0.363702 0.369497 
0.002082 0.008986 -0.039008 0.002047 0.002018 0.057029 -0.084004 0.001237 0.000971 0.101260 -0.116339 0.205757 0.003134 -0.141485 -0.077864 -0.008575 -0.019300 0.300964 -0.302615 0.304870 -0.302722 0.375003 -0.401725 0.408243 -0.408458 0.408733 -0.443380 0.341608 -0.355277 0.355280 -0.355286 0.355576 
0.003095 0.003945 -0.044096 0.003709 0.002372 0.052256 -0.083630 0.091261 -0.093528 0.100174 -0.123552 -0.061973 0.062675 0.144924 0.001112 0.000361 -0.172638 0.176430 -0.184571 0.199678 -0.249806 0.250056 -0.250785 0.251139 -0.253163 0.279576 -0.347071 0.347079 -0.347104 0.347136 -0.347302 0.361988 
0.002347 0.001439 0.002550 0.002100 0.001413 0.001608 0.001318 -0.043365 0.046637 0.002770 -0.064206 -0.000050 0.070409 0.000544 0.001223 -0.078433 0.083301 0.009005 0.000675 0.000041 -0.115009 0.231250 -0.115903 0.119710 -0.106236 0.005633 0.000003 0.000009 0.000005 0.000022 0.000004 0.000353 
0.005277 0.009595 -0.084394 -0.064862 0.073507 0.104765 -0.118024 0.138817 -0.195875 0.206223 -0.251178 -0.253933 0.256656 0.270413 -0.287069 0.328360 -0.411097 0.413446 -0.422105 0.424431 -0.426199 0.432003 -0.434243 0.506566 -0.662121 0.662283 -0.662888 0.663121 -0.663379 0.663927 -0.664068 0.700610 
-0.001828 -0.004722 0.018051 0.022196 -0.025938 -0.028325 0.040788 0.043952 -0.046762 -0.049646 0.057406 0.119773 -0.120148 -0.082532 0.092191 -0.093775 0.189528 -0.190893 0.099035 -0.101430 0.101098 -0.102589 0.119605 -0.158403 0.161587 -0.161635 0.161919 -0.162126 0.162294 -0.162513 0.162604 -0.165198 
0.001131 0.007848 -0.064496 -0.045406 0.047699 0.079409 -0.126890 0.001456 -0.001875 0.141690 -0.169309 0.190870 -0.239349 0.242199 -0.172307 0.174914 -0.265143 0.272630 -0.093037 0.095289 -0.289212 0.338433 -0.472698 0.472808 -0.473704 0.474436 -0.476177 0.476760 -0.477283 0.478300 -0.478827 0.505770 
0.000218 0.008524 -0.059464 0.022870 -0.023484 0.079652 -0.118081 0.080081 -0.089564 0.169656 -0.208819 0.214605 -0.220374 0.222457 -0.246243 0.167935 0.085727 0.001284 -0.269432 0.272078 -0.380648 0.443864 -0.460473 0.460863 -0.462622 0.463218 -0.465985 0.467467 -0.468350 0.469460 -0.470374 0.476127 
0.000157 0.001622 -0.019926 -0.000649 0.000420 0.026884 -0.042598 0.039216 -0.056001 0.055736 -0.067419 0.271735 -0.274200 0.071256 -0.161460 0.161258 -0.082050 0.082891 -0.090808 0.100830 -0.149019 0.149315 -0.150349 0.150486 -0.151205 0.151507 -0.153116 0.153321 -0.153739 0.154074 -0.154544 0.157104 
0.002566 0.003064 -0.017602 0.019427 -0.016504 0.035500 -0.045536 0.049840 -0.203111 0.207009 -0.062631 -0.065682 0.135595 0.001411 -0.075684 -0.077951 0.079019 0.079935 -0.098602 0.142141 -0.289656 0.289817 -0.146102 0.147284 -0.147855 0.148764 -0.149588 0.151132 -0.151212 0.152312 -0.152174 0.158014 
-0.007129 0.002246 0.112325 -0.124810 -0.000697 -0.001192 0.273193 -0.277361 -0.003822 -0.000307 -0.002975 0.067270 -0.068916 -0.002044 0.073926 -0.000036 -0.089968 -0.016944 -0.000132 -0.000040 -0.000137 -0.000843 -0.000401 -0.000593 -0.000640 -0.001827 -0.000735 -0.000115 -0.000182 -0.000730 -0.000286 -0.021262 
0.006540 -0.011514 0.023846 -0.000190 -0.000280 -0.028902 0.043275 0.094007 -0.047649 -0.095839 0.059699 0.126667 -0.190782 -0.000500 0.070206 -0.071180 0.101421 -0.131222 0.135343 -0.135868 0.137563 -0.137903 0.140749 -0.142246 0.143046 -0.143908 0.146058 -0.147340 0.147579 -0.148292 0.148825 -0.153402 
-0.007053 0.004453 0.001059 0.070993 0.001074 -0.082788 -0.131443 0.305559 -0.039005 -0.143708 -0.000353 0.177512 0.007351 -0.190354 0.217376 -0.250224 0.390320 -0.390396 0.400655 -0.401158 0.405665 -0.407465 0.420189 -0.421717 0.424456 -0.426901 0.436411 -0.437950 0.438911 -0.440688 0.443444 -0.461591 
0.000103 0.001828 -0.011397 0.019550 0.054280 -0.056903 -0.041277 0.131341 -0.043872 -0.046234 -0.055016 0.055709 0.115925 -0.116193 -0.131998 0.120034 -0.125676 0.125677 -0.130846 0.129692 -0.132731 0.133204 -0.138772 0.138846 -0.139196 0.140223 -0.145154 0.144895 -0.145132 0.145235 -0.146896 0.145489 
-0.004370 0.008454 -0.054180 0.056413 0.025925 -0.024655 0.041019 -0.125163 -0.046625 0.138325 0.000054 0.000226 -0.185618 0.237660 -0.361748 0.362070 -0.367385 0.369066 -0.384020 0.386092 -0.390213 0.393719 -0.408919 0.550355 -0.554223 0.419033 -0.428690 0.431555 -0.432065 0.435010 -0.437086 0.453869 
-0.001454 -0.000517 -0.000146 0.020204 -0.023435 -0.000695 0.031577 -0.039718 0.001530 -0.000004 0.000020 -0.000619 0.122225 -0.108193 0.116500 -0.115463 0.236393 -0.237862 -0.125978 0.127595 0.128961 -0.127608 -0.135788 -0.136276 0.274227 0.000281 0.001888 0.715206 -0.716672 0.000311 -0.000023 0.001644 
0.003903 0.000979 -0.036249 -0.041094 0.107830 -0.021304 -0.032518 -0.036218 0.036972 0.043987 -0.109552 0.135638 0.107887 -0.109959 -0.227966 0.227939 -0.233312 0.235240 -0.249067 0.250799 -0.253904 0.256539 -0.268659 0.270883 -0.272461 0.274918 -0.281804 0.425473 -0.426845 0.574877 -0.578777 0.308834 
0.000147 0.007210 -0.051417 -0.019426 0.041051 0.046487 -0.060527 -0.062531 -0.002835 0.152525 0.488909 -0.500182 0.511801 -0.533299 0.552921 0.109349 -0.114102 -0.575605 0.739461 0.249201 -0.377505 -0.633008 0.668098 0.538141 -0.542786 -0.682527 0.842531 0.423526 -0.568888 -0.286032 0.288218 -0.726089 
-0.000095 -0.010279 0.067096 -0.069918 0.073782 -0.090550 0.147754 -0.149207 0.145423 -0.244799 0.388378 -0.389187 -0.099708 0.100446 0.438425 -0.444133 0.563829 -0.574421 0.486055 -0.494699 0.498315 -0.509537 0.528548 -0.536928 0.538231 -0.548518 0.555873 -0.280983 0.284255 -0.572061 0.572896 -0.627795 
-0.001714 0.001122 -0.000416 0.034772 -0.052702 0.017394 -0.025091 0.024535 -0.088887 0.090309 -0.094306 0.096218 -0.000238 -0.000180 -0.106742 0.105600 -0.338355 0.341020 -0.122824 -0.246444 0.123378 0.248987 -0.133126 0.134062 -0.133086 0.135172 -0.139643 0.422520 -0.422695 0.141989 -0.142782 0.144333 
-0.003061 0.002991 -0.000674 -0.000794 -0.017347 0.017834 -0.042370 0.056235 -0.085403 0.085793 -0.091278 0.092330 -0.094345 0.096499 -0.104745 0.106256 -0.106420 0.114357 -0.122698 0.122788 0.124106 -0.124717 -0.132447 0.134101 -0.133871 0.134474 -0.139213 0.140398 -0.281195 0.282462 -0.142446 0.140310 
-0.000004 -0.000882 0.011260 -0.000264 -0.037851 0.025519 0.076077 -0.078650 0.240625 -0.241325 0.089556 -0.091212 0.368161 -0.368914 0.211495 0.107617 0.107573 -0.429533 0.471474 -0.473253 0.125908 -0.125693 0.132603 -0.266962 0.267108 -0.133838 0.139304 -0.280498 0.280533 -0.140604 0.142238 -0.142897 
0.001195 -0.000511 -0.000126 0.000238 0.009473 -0.001468 0.000100 0.000026 0.000033 0.000285 0.000795 0.000761 -0.092210 0.091783 0.001266 -0.107633 0.106300 0.000400 0.000126 0.000011 0.120907 -0.122264 0.002019 0.000117 0.000102 0.000537 0.000496 0.000049 0.000009 0.000335 0.000106 0.006304 
0.000332 0.000132 0.000130 0.000326 0.000550 -0.000469 0.000758 0.072992 -0.147500 0.073818 0.000713 -0.000450 -0.000299 0.000097 -0.527803 0.528451 -0.106553 0.105987 0.120389 -0.361452 -0.241502 0.482779 0.129016 -0.128676 0.545828 -0.546164 0.000082 0.000048 -0.000142 -0.000325 -0.000023 -0.000159 
-0.000830 0.000259 -0.047670 0.016211 -0.000143 -0.000155 -0.000093 -0.001495 -0.008543 0.007133 -0.003891 0.003092 0.002791 -0.003767 -0.002485 0.001065 0.001134 -0.002611 -0.000497 0.001869 -0.001402 -0.002930 -0.000952 0.000206 0.000245 0.001347 -0.006594 -0.000007 -0.000030 -0.001254 -0.000404 -0.025773 
-0.000069 0.000237 -0.054224 0.054259 -0.055219 0.054782 -0.071884 0.071907 -0.071063 0.070901 0.176742 -0.176871 -0.088322 0.088346 -0.105347 0.105365 0.105536 -0.105677 0.240060 -0.239686 -0.120504 0.119996 -0.129832 0.129920 0.265040 -0.265403 0.272196 -0.272388 -0.143186 0.143297 -0.144012 0.143959 
-0.021448 0.059230 -0.130845 0.135311 -0.176395 0.179402 -0.207924 0.211144 -0.217481 0.221299 -0.257561 0.262767 -0.267438 0.272632 -0.309409 0.315260 -0.317974 0.323797 -0.354254 0.360172 -0.361560 0.367483 -0.387996 0.391885 -0.392648 0.400672 -0.272523 0.278607 -0.418711 0.431078 -0.439110 0.447772 
-0.057478 0.057812 -0.064736 0.065025 -0.066072 0.066310 -0.079282 0.079567 -0.080027 0.080294 -0.096030 0.096313 -0.096568 0.096841 -0.112428 0.112711 -0.112872 0.113147 -0.126666 0.126950 -0.127076 0.127352 -0.137551 0.137836 -0.137987 0.138263 -0.144255 0.144543 -0.144898 0.145164 -0.147046 0.147316 
0.011113 -0.052542 0.088109 -0.088789 0.113904 -0.114223 0.134934 -0.136343 0.150874 -0.151355 0.173469 -0.176022 0.180299 -0.183425 0.207570 -0.210901 0.213359 -0.217041 0.475501 -0.478819 0.241954 -0.245730 0.259841 -0.261557 0.262339 -0.267798 0.272608 -0.277648 0.142513 -0.137407 0.288867 -0.316889 
0.000262 -0.001763 0.105843 -0.106570 0.113323 -0.113703 0.142507 -0.145663 0.145943 -0.146226 0.174254 -0.263515 0.087802 -0.000519 0.210346 -0.211407 0.105338 -0.106417 0.117952 -0.120197 0.241919 -0.241988 -0.261206 0.260212 0.000215 -0.000573 0.135494 -0.137404 0.143389 -0.143638 0.288381 -0.289705 
-0.000832 0.000121 -0.014625 -0.000584 0.000154 -0.000023 -0.000561 -0.000354 -0.001040 0.002697 0.000583 -0.000280 0.002497 -0.002614 0.000171 -0.000740 0.001581 -0.001605 0.000579 0.000011 -0.239807 0.239574 0.000823 -0.000609 -0.130945 0.134283 -0.001530 0.000256 -0.141572 0.140519 -0.000112 -0.014546 
-0.000790 -0.000648 -0.000172 -0.000981 -0.008188 0.003589 -0.002440 -0.072011 0.074629 -0.000236 -0.002141 0.001322 0.000272 -0.000072 -0.001256 -0.105518 0.212346 -0.107285 -0.001172 0.000713 0.241692 -0.243436 0.127359 -0.130439 -0.000005 0.000437 0.139512 -0.140387 -0.000074 0.000604 -0.000300 0.001146 
0.002121 0.001805 -0.009212 0.009655 0.006795 0.037519 -0.226982 0.227597 -0.079520 0.080901 -0.086676 0.090446 -0.093231 0.095434 -0.100297 0.210832 -0.218405 0.113557 -0.237429 0.240624 -0.001958 0.001151 -0.130407 0.133598 -0.401781 0.406741 -0.137790 0.140766 0.000157 0.002163 -0.141926 0.170830 
-0.000216 0.004197 -0.021696 -0.014196 0.054283 -0.012470 -0.131347 0.150443 0.081738 -0.080925 -0.177112 0.180717 -0.184640 0.187151 -0.420733 0.318224 -0.107191 0.217740 -0.351299 0.361198 -0.125501 0.125217 -0.262896 0.132888 -0.133710 0.268711 -0.277153 -0.000162 -0.000291 0.282372 -0.284512 0.287707 
-0.001329 0.003254 0.013006 -0.044082 0.012908 0.018363 -0.034841 0.043704 -0.086363 0.086776 -0.092368 0.093094 -0.094916 0.096192 0.105568 -0.104926 0.002082 0.001865 -0.121589 0.123414 -0.123932 0.123603 -0.131678 0.134256 -0.133887 0.134661 -0.138858 0.562359 -0.562472 0.141399 -0.142495 0.145019 
-0.002730 0.011769 -0.059529 -0.022168 0.073731 0.020120 -0.101884 0.105742 -0.050095 0.078603 -0.091738 0.091441 -0.581082 0.584602 -0.631803 0.647208 0.338040 -0.340476 -0.117545 0.492868 -0.495439 0.124813 -0.128944 0.266331 -0.269735 0.138371 -0.137238 -0.422659 0.423211 0.142084 -0.142237 0.145880 
-0.007781 0.018265 -0.134577 0.122375 -0.039643 0.067954 -0.122753 0.123834 -0.127230 0.211213 -0.195597 0.195546 -0.298620 0.316331 -0.440405 0.447318 -0.452487 0.461821 -0.487974 0.496853 -0.499080 0.511637 -0.529353 -0.135169 0.134614 0.551732 -0.558053 -0.562410 0.566098 0.573186 -0.573290 0.616754 
-0.007079 -0.018754 0.059674 0.053772 -0.069157 -0.099085 0.084449 0.129158 -0.152304 -0.124048 -0.032366 0.007066 -0.511841 0.429469 -0.440575 -0.451215 0.453879 0.581371 -0.243130 -0.372653 0.001175 0.636931 -0.399055 -0.134366 0.137717 0.412766 -0.278965 -0.280869 0.001655 0.287452 0.290984 -0.000168 
-0.000465 -0.005650 0.036427 -0.040571 0.040960 -0.047800 0.069039 -0.071718 0.082657 -0.091220 0.089474 -0.125965 -0.219640 0.219095 0.229000 -0.231046 0.233080 -0.237554 0.249068 -0.252390 0.508181 -0.514190 0.268121 0.136122 0.136953 -0.550881 0.423188 -0.284099 0.141977 -0.433827 0.433767 -0.315328 
-0.001162 -0.003123 0.017977 -0.021620 0.020701 -0.023856 0.033048 -0.042616 0.044043 -0.044214 0.049160 -0.050351 0.079690 -0.108982 0.116131 -0.117226 0.119179 -0.119959 0.124673 -0.127028 0.128387 -0.129855 0.133624 -0.136559 0.137298 -0.138815 0.141316 -0.143396 0.143272 -0.144909 0.144803 -0.151852 
-0.004253 0.009182 -0.051212 0.052703 -0.023318 0.038447 -0.124355 -0.086160 0.084362 0.137469 -0.215909 0.216559 -0.172031 0.205129 -0.364680 0.365009 -0.369096 0.371755 -0.386196 0.387983 -0.390528 0.395107 -0.407811 0.965718 -0.970839 0.420992 -0.429286 0.431974 -0.432657 0.435676 -0.437650 0.470020 
0.001342 -0.002994 0.025671 -0.152864 -0.029218 0.139648 0.080301 -0.175089 0.045184 0.047372 0.110581 -0.169796 0.118183 -0.059074 0.240469 -0.236463 0.253192 -0.253264 0.260248 -0.260333 0.267287 -0.268097 0.277170 -0.278884 0.280020 -0.281822 0.289646 -0.289937 0.290392 -0.292004 0.293766 -0.294288 
0.006487 -0.004156 -0.021527 -0.028346 -0.000806 0.056644 0.000461 -0.044978 -0.045982 0.096729 0.000374 -0.060680 -0.062725 0.127994 -0.137157 0.153300 -0.262005 0.262316 -0.267959 0.268385 -0.270765 0.272398 -0.280817 0.281832 -0.283064 0.285149 -0.291279 0.292415 -0.292777 0.294324 -0.295985 0.307207 
0.000859 0.007734 -0.023981 -0.099276 0.081789 0.060104 -0.042473 -0.132469 0.047530 0.146592 -0.059066 -0.312554 0.320901 0.065499 -0.070790 0.072550 -0.036937 0.131700 -0.136106 0.136703 -0.138613 0.139558 -0.140291 0.143064 -0.143574 0.145883 -0.145404 0.148057 -0.148067 0.149409 -0.148818 0.168037 
0.005988 -0.014462 0.008576 -0.021256 0.189215 -0.197658 0.044578 0.092796 0.144184 -0.302679 0.380784 -0.129476 0.131844 -0.406303 0.222705 0.375331 -0.143143 -0.508028 0.847376 -0.847716 0.852133 -0.855353 0.869881 -0.871967 0.876109 -0.881371 0.894465 -0.897049 0.898001 -0.902713 0.905860 -0.948280 
0.001442 -0.011322 0.053163 0.000411 0.003022 -0.093701 0.143018 -0.197188 0.099779 -0.052880 0.192097 0.003589 -0.137070 -0.068189 0.230348 -0.234468 0.000100 -0.000017 0.340758 -0.408803 0.145566 -0.145973 0.441573 -0.443020 0.445714 -0.447222 0.451855 -0.454157 0.455098 -0.457047 0.458050 -0.467624 
0.001743 -0.005008 0.081268 -0.109315 -0.025215 0.049063 0.152065 -0.153045 0.228480 -0.232506 -0.068208 0.068766 0.277805 -0.287441 -0.080819 0.244980 0.165531 -0.337443 0.349097 -0.371918 0.599524 -0.599959 0.604474 -0.604839 0.606293 -0.608322 0.614680 -0.615475 0.615984 -0.618212 0.619879 -0.622482 
-0.001181 0.002953 -0.019994 0.045264 -0.047517 0.026091 -0.039707 -0.083243 0.080057 0.048383 -0.070869 0.216862 -0.221317 0.075933 -0.083355 -0.087767 0.086017 0.085926 -0.090836 0.090725 -0.127117 0.139464 -0.154333 0.154384 -0.154927 0.155017 -0.156072 0.156237 -0.156708 0.156894 -0.157363 0.158823 
0.000034 -0.004332 0.022040 0.092537 -0.095923 -0.025373 0.042356 0.132904 -0.134490 -0.047617 0.053096 -0.058355 0.081488 -0.082796 0.087537 -0.088875 0.088895 -0.092177 0.094835 -0.096305 0.096343 -0.107045 0.158358 -0.158395 0.158500 -0.158976 0.159348 -0.159552 0.159629 -0.160088 0.160165 -0.175202 
0.000740 0.007223 -0.037411 0.022321 -0.028583 0.060649 -0.086142 0.000813 0.000227 0.098441 -0.119097 0.061641 -0.063853 0.141937 0.100840 -0.282992 0.191388 0.001763 -0.199577 -0.000383 0.204736 -0.101431 -0.143403 0.296638 -0.324741 0.324789 -0.325388 0.325546 -0.326019 0.326204 -0.326555 0.332361 
0.000181 -0.004832 0.068280 0.092037 -0.095400 -0.074181 0.162838 -0.167662 0.152967 -0.157357 0.193749 0.259747 -0.261386 -0.201395 0.217852 -0.224561 0.313942 -0.315966 0.322559 -0.323313 0.323291 -0.328352 0.330137 -0.346356 0.498857 -0.499044 0.499484 -0.499561 0.499571 -0.500095 0.500180 -0.513825 
-0.001849 -0.002348 -0.000717 0.045313 -0.050349 -0.003115 -0.002122 0.088438 -0.094066 -0.002859 -0.009297 -0.069654 0.073530 -0.001462 -0.001864 0.000515 0.000411 -0.000579 0.109625 0.116321 0.000390 0.000859 -0.117419 -0.000233 -0.133979 -0.011250 -0.000004 -0.000006 -0.000007 -0.000014 -0.000005 0.000417 
0.000019 0.000048 -0.047523 0.047649 -0.000037 0.000026 0.000018 0.000018 0.000052 0.000030 0.000009 -0.128075 0.128153 0.000022 -0.088186 0.088192 0.000090 0.000100 0.000054 0.000057 0.000016 0.000027 0.000001 -0.000000 0.000042 0.000127 -0.348673 0.348673 0.000004 0.000005 0.000004 0.000113 
-0.022131 -0.031049 0.064570 0.098340 -0.141591 -0.127033 0.152028 0.214878 -0.251840 -0.215193 0.229771 0.171049 -0.134132 0.154489 -0.228417 0.313079 -0.346768 -0.202898 0.208271 -0.000872 0.000012 0.442495 -0.511046 0.414847 -0.276644 0.276738 -0.424182 -0.702881 0.713832 -0.713837 0.713844 -0.716833 
0.002176 0.003312 -0.092884 -0.045999 0.049541 0.100253 -0.178837 0.183557 -0.092747 0.098632 -0.246762 0.250323 -0.275518 0.284078 -0.305216 0.308921 -0.365047 0.377848 -0.383220 0.384892 -0.467942 0.482073 -0.483532 0.483776 -0.586476 0.599468 -0.599763 0.599781 -0.724494 0.730775 -0.730802 0.730802 
-0.035676 -0.027527 0.069209 0.061417 -0.129716 -0.123326 0.160400 0.155934 -0.156845 -0.268388 0.294907 0.183964 -0.343009 -0.147176 0.302744 -0.080911 0.079680 0.187991 -0.193655 -0.201798 0.103391 -0.001050 0.121880 0.010031 0.000071 0.286220 0.191317 -0.324418 0.329061 -0.336345 0.374139 -0.373695 
-0.005672 -0.005717 0.018689 0.066679 -0.077921 -0.030126 0.041676 0.134484 -0.144735 -0.053706 0.060695 0.061683 -0.070604 -0.073852 0.150750 0.088327 -0.167526 -0.094971 0.091683 -0.106397 0.104157 -0.118458 0.118710 -0.131316 0.132968 -0.144982 0.147592 -0.159579 0.163343 -0.175129 0.185400 -0.191567 
0.031355 -0.001961 -0.028729 -0.114412 0.107044 0.161046 -0.109424 0.050946 -0.152343 0.000212 0.246272 0.116782 -0.062834 0.073668 -0.146933 0.097711 0.078145 -0.002301 -0.191396 -0.097128 0.205245 -0.591470 0.234974 -0.142016 -0.007174 -0.438814 -0.315082 -0.174450 0.151374 -0.175359 -0.363840 -0.386300 
-0.008713 0.000747 0.050608 0.066151 -0.045845 -0.084510 0.041108 0.100772 -0.211585 -0.162968 0.254790 0.137037 -0.292992 -0.223896 0.244979 0.329031 -0.344940 0.257630 0.185957 0.032729 0.001070 0.131777 0.258670 -0.212953 -0.098325 0.020364 0.019463 0.156915 -0.114650 0.301627 0.022175 0.018043 
0.007357 -0.008857 -0.032872 -0.017782 0.031166 0.015569 -0.055161 -0.043549 -0.001353 0.149720 -0.123352 0.121160 -0.131848 0.134571 -0.003326 0.160411 -0.432292 0.176278 -0.109368 0.208476 -0.227007 0.239171 -0.378488 0.390614 -0.280384 -0.296543 0.290489 -0.016308 -0.343283 0.529063 -0.183843 -0.195416 
0.003982 0.006986 -0.041490 -0.020357 0.028217 0.055319 -0.086774 -0.043822 0.050312 0.100837 -0.126018 -0.061926 0.133373 0.075478 -0.153289 0.246653 -0.258279 0.184209 -0.195436 -0.210444 0.209096 0.115473 -0.119478 0.259966 -0.267889 0.140210 -0.150988 0.309097 -0.339930 0.340812 -0.379566 0.380504 
0.012175 0.013024 -0.011397 -0.036107 0.060357 0.037103 -0.034625 -0.035583 -0.051679 0.112563 0.059870 -0.113708 -0.144002 -0.217991 0.144731 0.154815 -0.000296 0.000009 -0.003494 -0.225433 0.109106 0.113352 0.128613 -0.131881 0.264520 -0.145169 0.157062 -0.314614 0.328066 0.186457 -0.185336 0.185338 
0.002547 0.007021 -0.065037 0.075143 -0.070633 0.078955 -0.133808 0.143226 -0.139141 0.147839 -0.184613 0.266712 -0.266505 0.061721 0.070873 -0.090261 -0.088065 -0.002276 -0.038008 0.327938 -0.342210 0.342309 -0.352523 0.381843 -0.435872 0.435879 -0.436472 0.454146 -0.543052 0.543053 -0.543075 0.550646 
-0.010079 -0.013228 0.035078 0.084735 -0.103717 -0.062578 0.080659 0.174035 -0.191396 -0.108667 0.108739 0.266427 -0.272822 -0.143920 0.145792 0.162831 -0.179020 0.195323 -0.195055 0.098764 -0.111091 -0.005665 0.001438 -0.133983 0.134042 -0.135051 0.147578 -0.354904 0.353647 -0.353654 0.353661 -0.353960 
-0.001632 -0.003151 0.019634 0.047334 -0.049226 -0.026654 0.043992 0.092349 -0.094893 -0.050014 0.059446 -0.186479 0.266851 -0.148604 0.083047 0.000296 0.000480 -0.086244 0.086870 -0.108927 0.122761 -0.122934 0.123410 -0.123607 0.123596 -0.148714 0.172740 -0.172747 0.172763 -0.172785 0.172794 -0.173204 
0.003716 0.003016 0.004248 -0.115655 0.120821 0.002549 0.002519 -0.219386 0.222479 0.010250 0.000714 -0.266442 0.275223 -0.000896 0.000128 -0.076394 0.097721 0.014511 0.000061 0.000740 -0.000059 0.000709 0.000040 0.000366 0.017323 0.006061 0.000005 0.000035 0.000005 0.000075 0.000005 0.000373 
0.009270 0.017272 -0.098392 -0.111193 0.126044 0.133706 -0.210000 -0.140435 0.147958 0.251123 -0.307856 0.004939 0.001482 0.332235 -0.364323 0.449322 -0.503728 0.506761 -0.518841 0.522754 -0.525286 0.532805 -0.536249 0.682125 -0.823793 0.823989 -0.824804 0.825235 -0.825686 0.826409 -0.826653 0.869651 
-0.001587 -0.000742 -0.003708 -0.050022 0.050933 -0.000821 -0.001674 -0.043546 0.044251 -0.000072 -0.000391 -0.000502 -0.001319 -0.002693 -0.000313 -0.000340 -0.000000 0.000139 -0.000066 -0.000368 0.099884 -0.100435 -0.007811 -0.002168 0.000002 0.000002 -0.000055 -0.000086 -0.000029 -0.000050 -0.000015 0.000007 
-0.004594 0.007797 -0.041123 -0.002429 -0.001700 0.052707 -0.081551 0.129941 -0.135797 0.092293 -0.132214 0.132862 -0.156029 0.157897 -0.000504 0.086566 -0.262323 0.179877 -0.095059 0.282453 -0.381959 0.242054 -0.313525 0.313609 -0.314378 0.314789 -0.316097 0.316544 -0.316989 0.317674 -0.318036 0.319341 
0.005691 0.008745 -0.076843 -0.024426 0.052662 0.077110 -0.152476 0.157585 -0.183102 0.237601 -0.271603 0.284195 -0.361400 0.366323 -0.324629 -0.084449 -0.169884 0.597601 -0.355218 0.362647 -0.509010 0.602205 -0.610676 0.611751 -0.613849 0.614786 -0.618506 0.621370 -0.622165 0.624036 -0.625073 0.632385 
-0.002201 -0.001770 0.020102 0.044252 -0.045106 -0.022613 0.033246 -0.055661 0.051968 -0.056333 -0.070086 0.334141 -0.204145 -0.071977 -0.002810 0.398374 -0.320786 -0.083619 0.083830 -0.114722 0.000099 0.000094 0.149529 -0.149625 0.150583 -0.151143 0.152246 -0.152722 0.153199 -0.153672 0.154089 -0.176150 
-0.000977 0.007262 -0.066556 0.068269 -0.106593 0.136705 -0.180565 0.193283 -0.048734 0.052012 -0.252603 0.198999 -0.067251 0.134736 -0.301477 0.231512 0.000016 0.078418 -0.530903 0.567825 -0.575866 0.576093 -0.583353 0.586831 -0.589118 0.590569 -0.598754 0.602537 -0.603254 0.605462 -0.607730 0.612449 
0.003259 -0.001420 -0.009173 0.027916 0.002572 -0.029617 -0.046964 0.045946 0.049513 -0.050318 0.064596 0.124495 -0.127548 -0.063808 0.072996 0.000171 0.026228 -0.085760 0.139542 -0.139499 0.140842 -0.140825 0.143692 -0.143461 0.145257 -0.144844 0.148219 -0.148707 0.149297 -0.148989 0.150467 -0.154916 
0.018621 -0.023242 0.047717 -0.052574 -0.026749 0.027431 0.088072 0.000122 -0.093551 0.001212 0.120309 -0.248926 0.124266 0.000812 0.137772 -0.138792 0.256774 -0.264577 0.270266 -0.271236 0.273357 -0.273625 0.282442 -0.283917 0.284964 -0.285616 0.292847 -0.294082 0.294407 -0.295304 0.297542 -0.298948 
0.010363 -0.013902 -0.067721 0.118137 -0.129545 0.080660 -0.127103 0.171891 -0.185760 0.141239 -0.172523 0.113613 -0.127523 0.186690 -0.263569 0.266756 -0.388279 0.388186 -0.399867 0.399774 -0.404762 0.405023 -0.420210 0.420475 -0.424052 0.424416 -0.436650 0.437277 -0.438963 0.439111 -0.443273 0.441420 
0.001123 0.008838 -0.058319 0.076962 -0.057185 0.058099 -0.168267 0.090382 -0.089945 0.178906 -0.219692 0.229323 -0.000032 0.000027 -0.476314 0.491494 -0.498735 0.499007 -0.516575 0.520995 -0.525871 0.527985 -1.105216 1.109468 -0.554675 0.559319 -0.573745 0.578924 -0.578797 0.581131 -0.585322 0.588974 
0.001714 0.008734 -0.056019 -0.038361 0.017361 0.105093 -0.041417 -0.166355 0.174515 0.044253 -0.052102 0.052982 -0.027369 0.085890 -0.119240 0.119798 -0.121871 0.123396 -0.125498 0.128900 -0.130912 0.132041 -0.134285 0.274123 -0.276621 0.142518 -0.141172 0.143808 -0.143716 0.146082 -0.145189 0.181394 
0.000924 -0.001767 0.039568 -0.062114 0.020778 0.000172 0.034532 -0.034935 0.043559 -0.044552 0.096106 -0.096654 -0.227606 0.223281 -0.117543 0.116047 0.118189 -0.118137 -0.001264 0.127080 -0.000131 -0.127807 -0.137855 0.682662 0.000676 -0.547672 0.283405 -0.284529 -0.287270 0.286756 0.290106 -0.291157 
-0.001724 -0.001053 -0.019374 0.017032 -0.023277 0.020874 -0.031932 0.140049 -0.190296 0.080816 0.049180 -0.081341 0.107290 -0.107510 -0.000379 -0.116253 0.114288 -0.000683 -0.000857 -0.001253 0.126529 -0.128797 0.133310 0.407309 -0.407004 -0.138252 0.140437 0.283551 -0.712646 0.717635 -0.288546 -0.156272 
-0.000297 -0.001700 0.056841 -0.019519 0.038652 -0.080146 0.126219 -0.128007 0.141331 -0.145479 -0.100469 0.099338 -0.313558 0.316496 -0.225129 -0.225675 0.113462 0.340418 -0.124646 -0.249146 0.000233 0.375560 -0.134926 -0.134521 -0.134778 0.405723 -0.141265 -0.141320 -0.283310 0.567300 -0.143768 0.144452 
0.000609 0.005668 -0.048024 0.052912 -0.018540 0.023052 -0.056971 0.057922 -0.065654 0.142984 -0.288351 0.289520 -0.197310 0.201020 -0.109030 0.111891 -0.111230 0.115204 -0.241368 0.246647 -0.249347 0.254767 -0.263037 0.268050 -0.269329 0.274434 -0.278038 0.000456 0.000109 0.286812 -0.285867 0.312035 
-0.002804 0.003324 -0.050206 0.016817 -0.033924 0.068390 -0.098697 0.099287 -0.266963 0.267269 -0.381027 0.381183 -0.286324 0.286934 -0.315747 0.316312 -0.000073 0.000191 0.000018 0.246920 -0.617245 0.370898 -0.398809 0.399192 -0.539826 0.540096 -0.422138 -0.000011 0.000013 0.422795 -0.429114 0.429468 
-0.011063 0.019089 -0.011725 0.017053 -0.097986 0.100415 -0.298522 0.439621 -0.591620 0.593103 -0.634138 0.641819 -0.661880 0.669732 -0.731716 0.745210 -0.755752 0.768892 -0.113802 0.000906 -0.748048 0.883241 -0.924318 0.935479 -0.936812 0.949169 -0.973545 0.421181 -0.421558 0.992600 -0.996867 1.041487 
0.000116 -0.003379 -0.001662 0.023882 0.012535 -0.042795 0.393998 -0.396237 -0.158588 0.160914 0.000142 0.000216 0.276562 -0.277481 0.318603 -0.319321 0.109626 -0.109675 -0.000092 -0.001103 0.503132 -0.504724 0.400168 0.133461 -0.133482 -0.402393 0.420120 0.420743 -0.420984 -0.422052 0.427444 -0.429183 
-0.011232 0.011939 -0.036018 0.036323 -0.224224 0.285400 -0.368359 0.370396 -0.386685 0.388666 -0.437036 0.442895 0.001767 0.003262 -0.526988 0.000929 -0.000532 0.543189 -0.591644 0.603138 -0.604170 0.611930 -0.400883 0.804559 -1.074403 0.675967 -0.556911 0.560831 -0.701422 0.706835 -0.711303 0.724009 
-0.000375 0.000587 -0.005094 0.005288 -0.065436 0.066109 -0.072796 0.145794 -0.291235 0.220134 -0.084780 0.085984 -0.092236 0.092820 0.000092 -0.000753 -0.105826 0.108290 -0.119374 0.120584 -0.120653 0.120987 -0.128311 0.128559 -0.272295 0.274143 -0.139598 0.140780 -0.140652 0.141236 -0.142357 0.143249 
0.000823 -0.000185 0.054240 -0.028855 0.000114 0.000308 -0.000926 0.002128 0.010035 -0.006969 0.006065 -0.004355 0.000830 0.000927 0.005079 -0.003110 0.001014 0.001357 0.003235 -0.002246 -0.119317 0.122459 0.002570 -0.002018 0.001211 -0.000714 -0.131915 0.142140 0.000051 0.000799 0.000621 0.015228 
-0.000439 0.016554 -0.207414 0.207880 -0.236432 0.241507 -0.282301 0.285398 -0.292439 0.295733 -0.264027 0.267496 -0.357506 0.361784 -0.314807 0.318996 -0.424943 0.429239 -0.477477 0.482432 -0.483603 0.487409 -0.519415 0.525083 -0.262204 0.264806 -0.546350 0.552499 -0.283358 0.286366 -0.578113 0.580091 
-0.101404 0.147374 -0.239944 0.247949 -0.298133 0.301771 -0.346849 0.352267 -0.364919 0.369876 -0.434333 0.441826 -0.449062 0.455997 -0.520809 0.529117 -0.533282 0.541117 -0.595083 0.603626 -0.606075 0.614230 -0.649723 0.658347 -0.661375 0.669679 -0.552427 0.557194 -0.701670 0.713275 -0.728931 0.746996 
-0.003184 -0.008604 0.048739 -0.051233 0.066505 -0.067890 0.099999 -0.103258 0.109655 -0.112516 0.146216 -0.149715 0.152982 -0.156324 0.186724 -0.190245 0.191966 -0.195467 0.220039 -0.223451 0.224323 -0.227828 0.244983 -0.248086 0.248500 -0.251787 0.261126 -0.262995 0.262777 -0.264712 0.266850 -0.278132 
-0.001477 0.017422 0.001544 -0.002464 -0.004654 0.000734 -0.008444 0.006632 -0.004033 0.004213 -0.003760 0.003478 -0.003886 0.003398 -0.002969 0.002919 -0.003159 0.002749 0.115523 -0.115613 -0.002603 0.002151 0.254696 -0.256628 0.132376 -0.130714 -0.277441 0.277033 0.271015 -0.278439 0.000298 0.013075 
-0.000521 0.001421 -0.105357 0.105683 -0.118016 0.119280 -0.143382 0.146761 -0.148758 0.149349 -0.175156 0.177591 -0.182116 0.181776 -0.211482 0.212796 -0.213701 0.214214 -0.240912 0.242062 0.122424 -0.121963 -0.259166 0.263795 0.132370 -0.132707 0.139681 -0.140213 -0.143365 0.143237 -0.289144 0.291225 
0.001118 -0.006154 0.020681 -0.087533 0.256284 -0.257404 0.280411 -0.283602 0.293796 -0.298008 0.352099 -0.356688 0.365875 -0.373038 0.416620 -0.423255 0.429331 -0.437297 0.473558 -0.483772 0.485638 -0.493882 0.516323 -0.523237 0.130475 -0.135359 0.559467 -0.562647 0.563108 -0.567613 0.569796 -0.609351 
-0.000727 0.005959 -0.017284 0.020922 -0.137812 0.175899 -0.213180 0.217162 -0.452837 0.454996 -0.525698 0.352349 -0.091137 0.276847 -0.308290 0.315923 -0.426734 0.432367 -0.352383 0.358242 -0.725370 0.732073 -0.643596 0.663392 -0.406091 0.407411 -0.837100 0.841743 -0.420466 0.424291 -0.425718 0.434696 
-0.001160 -0.005040 0.019207 -0.010300 -0.000275 -0.058610 0.306754 -0.307591 0.160583 -0.163123 0.177094 -0.180375 0.187094 -0.191221 0.207745 -0.210031 0.432436 -0.441014 0.590782 -0.596559 0.126020 -0.129024 0.264849 -0.267174 0.535189 -0.542484 0.277514 -0.140736 0.140434 -0.285161 0.284270 -0.312664 
-0.003253 0.000846 -0.012636 0.037984 0.013105 -0.044428 -0.070378 0.080980 -0.081314 0.083619 -0.089542 0.092667 0.094593 -0.092424 -0.104280 0.108016 0.109244 -0.106505 0.122983 0.006337 0.247405 -0.376900 -0.133283 0.533749 -0.536157 0.134602 -0.139911 0.701507 -0.702899 0.141064 -0.143165 0.145134 
