4.000000 
1.000000 
0.029527 0.029527 0.029527 0.029527 
-0.087682 -0.086208 0.046263 -0.220152 
-0.157127 -0.160414 0.107744 -0.425231 
-0.068750 -0.056627 -0.065796 -0.059493 
-0.015838 -0.062788 0.237228 -0.315083 
-0.016661 0.054280 -0.265724 0.301164 
-0.050340 -0.280503 0.974882 -1.294438 
-0.070686 -0.100621 0.192708 -0.359904 
-0.000466 -0.072588 0.260981 -0.325192 
-0.005985 -0.036199 0.128233 -0.164307 
-0.027543 0.090210 -0.429250 0.474877 
0.018176 -0.076091 0.428820 -0.471923 
-0.008678 0.050534 -0.281100 0.314282 
0.001716 -0.071070 0.407593 -0.469898 
-0.000688 -0.005315 0.153626 -0.152064 
-0.038800 0.036477 -0.149072 0.147577 
0.041409 -0.045428 0.590826 -0.590585 
0.025080 -0.004456 0.001690 0.013820 
0.015046 -0.011896 0.145921 -0.142150 
-0.000692 0.098207 -0.562246 0.622617 
-0.030046 0.081375 -0.421258 0.453432 
-0.105973 0.132321 -0.571345 0.565158 
0.025847 -0.080509 0.274997 -0.305641 
0.027023 0.023025 -0.121363 0.175854 
0.015246 0.089352 -0.382293 0.486148 
0.072222 -0.258465 0.916808 -1.088271 
-0.144295 0.213087 -0.550662 0.603572 
-0.070295 0.091236 -0.277013 0.296978 
0.172534 -0.236204 0.680958 -0.740670 
-0.085616 0.146714 -0.655619 0.715668 
0.134194 -0.152811 0.550785 -0.569293 
0.196165 -0.196320 0.446459 -0.446614 
0.067922 -0.088349 0.400032 -0.420352 
-0.047222 0.038628 -0.015297 0.006469 
-0.131127 0.221932 -0.797740 0.885524 
-0.045804 0.027248 -0.015548 -0.003171 
0.122471 -0.126716 0.293301 -0.291332 
0.058816 -0.102689 0.273631 -0.303979 
0.059890 0.036490 -0.239832 0.343785 
0.025784 0.021261 -0.121776 0.176922 
-0.052408 0.010003 -0.018876 -0.039049 
-0.013165 0.029862 -0.135598 0.159142 
0.013191 -0.029098 0.138654 -0.155722 
-0.025123 0.092917 -0.566205 0.608155 
-0.017932 0.064429 -0.575715 0.600894 
-0.035877 0.057774 -0.582933 0.597257 
-0.016139 0.023599 -0.295125 0.301516 
-0.001859 -0.001618 0.148941 -0.150437 
-0.004106 -0.009684 0.147992 -0.153884 
0.032235 -0.033382 0.149793 -0.151651 
-0.034044 0.071558 -0.443998 0.465539 
-0.033906 -0.037323 0.109689 -0.171809 
0.044672 0.075013 -0.226595 0.338962 
0.057084 0.053963 -0.079027 0.186991 
-0.043457 -0.121827 0.349182 -0.505492 
-0.099417 -0.146559 0.295120 -0.535068 
-0.085492 -0.115288 0.176135 -0.373113 
0.019654 -0.032840 0.274792 -0.287979 
0.161755 0.159777 -0.103437 0.424766 
0.072669 0.088962 -0.188148 0.349759 
0.038115 0.044630 -0.092554 0.175287 
0.034978 0.040015 -0.096013 0.171005 
0.144462 0.147953 -0.387160 0.679575 
-0.006754 -0.017201 0.121974 -0.145922 
-0.111554 -0.175220 0.530182 -0.816724 
0.200469 0.236823 -0.318981 0.755678 
-0.031488 -0.098182 0.350160 -0.478711 
-0.032483 -0.071445 0.226551 -0.329491 
-0.001963 0.044769 -0.127304 0.164921 
-0.089527 -0.071188 0.045217 -0.206110 
-0.015855 0.030380 -0.145871 0.155235 
-0.042625 -0.073087 0.224583 -0.337693 
-0.000190 0.001815 -0.002291 0.000680 
0.011155 0.030653 -0.135185 0.163554 
0.029256 0.070971 -0.389660 0.479798 
-0.007431 -0.066226 0.399406 -0.470088 
0.003349 -0.031889 0.435770 -0.456936 
-0.022147 0.026567 -0.294686 0.298708 
0.007454 -0.007361 0.147917 -0.145521 
-0.012408 0.037994 -0.435727 0.448810 
-0.019095 0.012284 -0.146522 0.136457 
0.050960 -0.126086 0.704314 -0.759216 
0.041013 0.102566 -0.396651 0.522481 
0.036150 0.027191 -0.119843 0.197413 
-0.081508 0.094834 -0.292292 0.271858 
0.012860 -0.081503 0.266462 -0.317450 
-0.112713 0.160201 -0.420971 0.444322 
0.109777 -0.166449 0.415320 -0.452323 
-0.020118 0.102429 -0.384980 0.461229 
0.096685 -0.076414 0.025595 -0.001414 
-0.130527 0.097807 -0.043429 0.009810 
-0.174690 0.185109 -0.434240 0.444287 
0.043321 -0.044748 0.143599 -0.145027 
0.072088 -0.066576 -0.102177 0.107689 
-0.030120 0.029694 -0.004217 0.003688 
0.044469 -0.035836 0.014116 -0.005199 
-0.061341 0.142385 -0.517709 0.594744 
-0.016827 0.063047 -0.258366 0.303028 
-0.062690 0.024626 -0.020865 -0.013677 
0.039782 -0.072648 0.269002 -0.305179 
