32.000000 
2.000000 
0.004047 0.002766 0.003294 -0.015724 -0.046392 -0.037328 -0.009702 -0.037519 -0.063264 -0.053840 -0.119298 -0.089669 0.057578 0.057578 -0.168963 -0.035629 0.120599 0.146611 0.048172 -0.111173 0.098177 -0.005528 -0.236358 -0.132653 -0.137728 -0.015630 -0.016911 0.117508 0.117508 0.125096 0.125096 0.127658 
-0.001986 0.005989 0.021553 0.009027 -0.014426 0.006387 0.005506 -0.040223 0.055082 -0.048936 -0.124979 0.111473 -0.004753 0.069557 -0.095529 -0.017027 0.090907 0.210740 0.241593 0.271372 -0.826305 0.720704 -0.011044 0.167700 -0.002495 0.365972 0.403637 -0.213536 0.214097 0.221871 0.736795 0.005320 
0.002129 -0.021848 0.035308 -0.091558 0.099631 -0.099290 0.109130 -0.144423 0.158093 -0.194633 0.212695 -0.250249 0.271122 -0.308250 0.333356 -0.371289 0.400530 -0.440222 0.473094 -0.512298 0.550668 -0.585325 0.633138 -0.664436 0.720577 -0.751784 0.813091 -0.839285 0.910795 -0.924380 1.013813 -1.016388 
0.011394 -0.008000 0.010437 -0.012633 0.078731 -0.171071 0.070287 0.040446 -0.128673 0.072750 0.003137 0.124722 -0.201547 -0.020534 0.000501 -0.011380 0.552223 -0.341433 0.232465 -0.642451 0.285066 -0.142296 0.485223 -0.000118 0.349529 -1.117454 0.197618 -0.000000 0.666297 -0.469541 0.247100 -0.247097 
0.007172 -0.021950 0.029772 -0.049892 -0.064944 0.140257 0.070482 -0.140196 0.138821 -0.235133 0.189921 -0.127957 -0.302277 0.454152 -0.001806 -0.180591 0.219045 -0.438228 0.437591 -0.252118 -0.593243 0.889877 -0.000125 -0.326779 0.384075 -0.768151 0.768137 -0.388054 -0.963654 1.445482 -0.000001 -0.478335 
-0.022914 0.002408 0.017596 -0.023611 0.022248 -0.061913 0.094859 0.044366 -0.132003 0.091375 -0.179196 0.069983 0.160278 0.079837 0.080168 -0.247260 -0.241684 -0.368918 0.123699 0.495632 -0.378349 0.101890 0.524082 -0.350829 -0.000000 -0.175434 -0.424716 -0.023142 -0.000000 -0.234893 0.234893 -0.000256 
-0.006332 0.033942 -0.028795 0.053903 0.073450 -0.100027 -0.048488 0.075630 -0.265066 0.105550 -0.003093 0.337625 -0.277953 0.158552 -0.101381 0.000153 0.405804 -0.304685 -0.202073 0.266163 -0.797781 0.478697 -0.159656 0.478874 -0.319235 0.357553 -0.000001 -0.229034 0.916147 -0.687112 -0.458067 0.462420 
0.006679 -0.020276 0.018632 -0.013083 -0.110815 -0.002318 0.034722 -0.070923 -0.007534 0.184046 -0.206146 0.158264 0.323797 -0.243463 0.001039 -0.000781 -0.253464 -0.172015 -0.284337 0.289165 -0.000031 -0.433727 0.578620 -0.147157 0.173854 -0.885813 0.669994 0.670029 -0.446686 0.446709 -0.446721 -0.895263 
-0.003690 0.014753 -0.031731 0.033741 0.062938 -0.128462 0.113985 -0.075955 -0.000238 0.000980 0.001151 -0.001917 0.259171 -0.264138 0.138420 -0.198223 0.259192 -0.648963 -0.000647 0.651874 0.000482 -0.523920 0.524783 -0.284396 0.217766 -0.217761 -0.217818 0.653448 0.653546 -1.089297 0.435775 -0.442629 
-0.006743 0.021087 -0.024635 0.079472 -0.159413 0.003502 -0.002315 0.001097 -0.095786 0.050536 -0.001107 0.001033 0.053026 -0.119195 0.118240 -0.001181 0.117736 0.232945 -0.116678 0.118024 -0.118162 -0.362243 0.093527 -0.215914 -0.212289 -0.212395 0.637278 -0.637365 1.062539 -0.850172 0.425220 -0.214999 
0.013872 0.040719 -0.090870 0.054945 0.089287 -0.036439 -0.102957 0.071768 -0.078518 0.125737 -0.144065 0.203952 -0.605300 0.607418 -0.208125 0.105527 -0.417285 0.525327 0.000090 0.002162 -0.330401 0.435941 -0.620926 0.621091 0.207329 -0.414612 -0.000153 0.207526 -0.622285 0.622625 -0.415152 0.461148 
0.000300 0.007254 0.020079 -0.021609 0.024490 -0.059086 0.030749 -0.029166 -0.024123 0.072743 0.174282 -0.439401 -0.086731 0.540574 -0.092080 -0.093654 0.095356 0.097662 -0.194509 -0.204169 0.036444 0.192165 -0.000029 -0.000051 -0.403259 0.201461 -0.404736 0.404582 0.607871 -0.608327 0.405717 -0.202577 
-0.001778 0.000685 -0.016446 0.007104 0.003536 -0.020551 0.142688 -0.050864 0.357641 -0.363218 0.386693 -0.548414 0.563915 -0.406885 0.083606 -0.087404 0.349555 -0.355782 0.099203 -0.058783 -0.587990 -0.000763 -0.000133 0.393973 -0.591854 0.394790 0.988340 -0.989210 0.594298 -0.793534 0.000150 0.618010 
0.000307 0.012025 0.038382 -0.042563 0.019974 0.167488 -0.283830 0.287773 0.137067 -0.001909 0.002940 -0.436940 0.071945 0.002441 0.150644 0.083417 -0.081770 0.086553 -0.355672 0.565457 -0.762791 0.762997 0.001988 0.192179 -0.384731 -0.963606 0.579695 -0.579713 0.581604 0.778669 -0.973275 0.788036 
-0.000817 0.000197 -0.018164 0.033851 0.137391 -0.137633 -0.203440 0.258531 -0.209418 0.048679 -0.113887 0.039283 0.210661 -0.072569 -0.074344 0.149631 -0.072257 0.135675 0.371008 -0.371238 -0.000230 0.000262 0.187542 0.001322 -0.188347 -0.190677 -0.379088 1.141417 -0.761862 -0.190756 0.191015 0.214695 
0.023879 0.062608 -0.183090 0.184155 -0.070441 0.162152 -0.232746 0.138922 0.006001 0.049990 -0.052711 0.058982 -0.303520 0.325205 -0.200223 0.227453 -0.161914 0.346136 -0.361729 0.364817 -0.185975 -0.359783 -0.001284 0.001955 0.182613 0.372561 -0.741902 0.560636 -0.560917 0.753834 -0.379448 0.378355 
-0.002867 0.067961 -0.029857 0.024532 -0.038831 0.038936 -0.089834 -0.003028 -0.002915 0.102956 0.056246 -0.052598 -0.051851 0.057359 -0.132997 0.264652 -0.346079 0.347922 -0.349506 -0.177210 -0.178281 0.711972 -0.356435 -0.000543 -0.361274 0.543744 -0.180065 -0.182541 0.183135 0.372241 -0.372098 0.403863 
0.001970 0.000630 -0.027473 0.027210 0.044861 -0.000402 -0.042039 0.003496 -0.199875 0.206167 -0.210773 -0.053848 0.109605 0.160121 0.030022 0.174092 0.672721 -0.168303 -0.337661 -0.339736 -0.337157 0.519587 -0.703502 0.352947 0.707314 -0.351863 0.004013 -0.000962 0.000219 0.182180 -0.911989 0.745276 
0.002119 -0.002102 0.005099 0.010376 -0.086415 0.158059 -0.044870 0.045732 -0.094530 0.094101 0.000014 -0.148414 0.159817 0.007459 0.487121 -0.488674 -0.491095 0.492484 0.002963 -0.166503 0.167556 -0.002141 0.001408 0.700203 -0.530279 -0.177577 -0.178943 0.715473 -0.717140 -0.719542 0.721243 0.241420 
-0.007158 -0.011488 -0.053739 -0.090506 0.002730 0.054009 0.073415 0.031200 0.281155 0.236135 -0.285120 -0.241182 0.976249 -0.917399 -1.402359 0.937255 1.098009 -0.480127 0.821610 0.824195 -0.664099 -0.833293 -1.015218 -0.853692 0.342616 0.859056 1.047482 -0.884022 1.252467 0.716737 -1.076067 -0.902971 
-0.004429 -0.002989 0.018539 -0.038044 0.015414 0.005034 -0.097996 -0.020239 -0.072863 0.079584 -0.133968 0.502398 -0.431915 0.298515 -0.299959 -0.463024 0.473085 -0.159070 0.002957 0.000242 -0.326308 0.163376 -0.332997 -0.170940 0.506373 0.001652 -0.343873 0.345523 0.004703 -0.006350 0.003837 0.945729 
-0.003052 -0.000676 -0.001179 0.021743 -0.015071 0.035809 0.023625 -0.006604 0.127347 0.079327 0.044179 0.269899 0.141325 0.293000 0.147223 0.001739 0.460466 -0.315321 -0.004812 0.322089 -0.000767 0.163062 0.166213 -0.330508 -0.497484 0.162209 0.342441 -1.033024 0.170972 0.176886 -0.533556 -0.360672 
-0.011969 0.017712 0.000444 0.000249 -0.019171 0.022202 -0.069405 0.070014 -0.034117 0.191221 0.393092 -0.393239 -0.131459 0.138892 -0.442425 0.002224 0.298186 0.150053 -0.788445 1.110534 -0.795356 0.320937 -0.329037 0.828065 -0.329709 -0.000153 -0.510231 0.339853 -0.174758 0.528708 -0.704937 0.572766 
-0.015715 -0.001928 -0.012036 0.023748 -0.000250 -0.017173 -0.000552 -0.008892 0.324337 -0.380708 0.514161 -0.644759 0.389816 -0.262974 0.393752 -0.408732 -0.150213 0.159645 -0.004506 0.001528 -0.160006 0.158460 -0.001292 -0.002146 -0.165329 0.170361 -0.514905 0.515495 0.518397 -0.520233 0.175181 -0.175532 
0.002682 -0.003779 0.005587 -0.022997 0.010794 -0.011248 0.070276 -0.350521 -0.122735 0.122629 0.875467 -0.628963 -0.256777 0.261567 0.397392 -0.665889 0.266100 -0.261057 0.600865 0.467556 -0.626184 -0.467599 0.826240 -0.665690 0.167577 -0.507702 1.018336 -0.850860 0.862199 -0.172018 -0.000479 -0.847110 
0.000246 0.004971 -0.003867 -0.016065 0.032044 -0.017062 0.002296 0.233845 -0.118917 -0.121557 0.246291 -0.124704 0.126353 -0.126919 -0.000046 -0.001241 0.000981 -0.135756 0.139283 -0.147123 -0.485010 1.312258 -1.155999 0.166276 0.168452 0.675465 -0.674904 -0.167792 -0.172670 0.342578 -0.519472 0.521627 
0.000907 -0.011793 0.004317 0.008538 -0.057621 -0.008876 -0.332660 0.222987 -0.223227 0.228753 -0.116500 0.245175 -0.000888 0.001092 -0.015996 0.006183 0.984057 -0.705916 -0.571931 0.144475 -0.433597 0.566945 -0.010683 0.503857 -0.673825 0.001893 -0.683439 0.513403 0.517643 0.862885 -1.036608 -0.046253 
0.000461 -0.000535 0.000866 -0.000680 -0.207461 0.205525 0.105868 -0.106655 -0.324795 0.327547 -0.111693 0.111645 0.130207 -0.129525 0.262116 -0.262506 0.283120 -0.283375 0.429477 -0.430051 0.149974 -0.150269 0.299943 -0.299855 -0.000228 -0.000058 -0.000259 -0.000102 -0.000761 0.000244 0.173640 -0.175613 
-0.000119 0.000628 -0.002711 0.067572 0.281788 -0.094214 0.095259 -0.286514 -0.099026 0.111715 -0.483074 0.243466 -0.246958 0.501411 -0.003647 0.138875 -0.002965 -0.276633 0.137367 -0.001158 -0.301504 -0.000745 -0.153424 -0.000033 0.310586 0.156648 0.357249 -0.705172 0.352499 -0.176560 -0.000161 0.196979 
0.000001 0.001452 -0.078855 0.000046 -0.002321 0.083828 0.316941 -0.105950 -0.003436 -0.207700 -0.366226 0.245900 -0.372755 0.494147 0.263157 -0.264531 0.133563 -0.134997 -0.139546 0.141029 0.002236 -0.001805 0.450818 -0.451971 0.486658 -0.652959 0.328013 -0.164063 0.359488 0.180065 -0.180168 -0.360348 
0.003153 -0.080873 0.056061 -0.104231 0.071001 -0.071730 0.084978 -0.081327 0.095553 -0.091642 0.102816 -0.099844 0.115265 -0.113258 0.385802 -0.248040 -0.272634 0.139078 -0.136605 0.139715 0.138566 -0.140069 -0.146714 0.157033 -0.010189 0.008306 -0.004863 0.005972 0.160666 -0.170165 0.355913 -0.437296 
0.292271 -0.302990 0.367148 -0.374241 0.269822 -0.275286 0.472033 -0.478457 0.348555 -0.354417 0.576006 -0.582503 0.436765 -0.443054 0.675614 -0.682109 0.523109 -0.529555 0.761114 -0.767506 0.597405 -0.603891 0.825313 -0.831401 0.653792 -0.660216 0.865690 -0.871289 0.693309 -0.700001 0.901780 -0.911884 
-0.013266 0.063585 -0.125333 0.226470 -0.162218 0.166935 -0.086750 0.089403 0.000079 -0.001167 -0.236631 -0.008764 0.372238 -0.122552 -0.000323 -0.138955 -0.266800 0.410076 0.427018 -0.423961 -1.007776 1.022041 0.299310 -0.302836 -0.464227 0.467870 0.156861 -0.148401 -0.700281 0.700073 0.003382 0.059824 
-0.000008 -0.008391 -0.115262 0.202325 -0.082332 0.000016 -0.202395 0.204693 0.107281 0.330327 -0.340458 0.148141 0.000007 -0.376749 0.128636 0.131601 -0.138231 -0.135286 0.708293 -0.573009 0.002384 -0.294465 -0.603079 0.907473 0.161599 -0.323423 0.329710 -0.167109 -0.358734 0.000002 0.360652 -0.006579 
0.000862 -0.001077 0.000508 -0.077763 -0.192537 0.192466 -0.000310 -0.098508 -0.002373 0.100911 -0.244676 0.249691 -0.003985 0.003259 0.385547 -0.518557 0.413265 -0.277636 -0.427698 0.445207 0.149879 -0.300928 0.302025 -0.305628 0.313667 -0.191333 0.175118 0.175503 -0.527065 -0.000515 0.176140 -0.033980 
-0.000960 0.004237 -0.001564 0.006566 -0.483108 0.511398 -0.207873 0.427664 -0.106314 -0.111968 -0.672106 0.675874 -0.505733 0.387881 -0.271717 0.405720 0.419745 -0.422620 0.289436 -0.578148 0.295340 -0.153864 -0.623984 0.788253 -1.371459 1.373185 -0.517672 0.518363 -0.347157 0.522060 -0.169011 -0.020090 
0.000628 -0.002717 0.010721 -0.010795 0.030328 -0.086339 0.000178 -0.000028 -0.114498 0.114928 0.236613 -0.362190 0.246325 -0.124789 0.126209 -0.138470 0.423300 -0.426579 0.286837 0.142948 -0.291234 -0.181852 0.502160 -0.168567 -0.166939 -0.169440 0.339892 -0.343357 0.344001 -0.344264 0.344791 -0.347703 
-0.003646 -0.002552 0.000895 0.003587 0.012304 0.018446 0.119043 -0.006081 0.477436 -0.120058 0.250132 -0.623410 0.377445 -0.255526 0.126810 0.000938 0.132847 -0.269805 -0.137295 -0.148227 -0.160194 -0.163206 -0.165521 0.166121 -0.503818 0.842317 -0.676414 0.168535 -0.342706 0.513008 0.694381 -0.353247 
-0.001499 -0.005553 -0.036546 0.030956 -0.032628 0.046653 -0.130208 0.199108 0.371629 0.124640 -0.251462 -0.251960 -0.386034 0.261291 -0.395181 0.133303 0.000444 0.421296 0.622809 -0.312570 -0.001330 -0.313060 -0.658012 -0.334025 0.335915 -0.167586 0.167674 0.681857 0.688302 -0.345301 -0.173010 -0.155884 
-0.001052 -0.009572 0.011180 0.000711 0.031569 0.000876 -0.049339 -0.018451 0.395261 -0.370096 -0.128774 -0.001095 0.259145 -0.131110 0.405924 -0.569134 -0.454897 0.304973 0.312231 -0.469139 0.470500 -0.000802 0.001671 -0.326343 0.496228 -0.341017 0.344719 -0.173116 0.000055 -0.000033 0.348629 -0.530742 
0.000172 0.028943 -0.006202 -0.000864 -0.033850 0.002705 -0.001656 0.051053 0.009368 0.195178 0.131443 -0.262962 0.260471 -0.152208 -0.593172 0.594269 0.146045 0.001437 0.156805 0.001810 -0.323947 0.002704 -0.323393 0.984961 -0.498852 0.170430 -0.845705 0.861670 -0.704473 -0.176640 0.000026 0.619383 
0.002729 -0.013530 0.024612 -0.067042 0.000027 -0.093110 -0.045609 -0.121533 -0.057509 -0.197417 -0.229983 -0.403410 -0.126700 -0.718795 -0.137567 -0.298503 -0.148224 -0.783661 0.156894 -0.154779 -0.164700 -0.160736 0.163603 0.161235 0.336043 0.510472 0.171908 0.000567 0.701026 0.182857 0.893579 0.544688 
0.006405 -0.001447 -0.000530 0.044272 -0.099452 0.110147 -0.044590 0.118911 -0.158390 0.101940 0.007307 -0.129611 0.000011 -0.002381 -0.153108 0.155335 -0.322827 -0.001683 -0.000643 0.650072 0.163656 -0.493756 0.166114 0.504682 -0.847022 0.514007 -0.169472 0.170391 -0.880195 0.534288 -0.180708 0.171897 
-0.000327 0.013213 -0.037385 0.026968 0.016594 -0.017530 0.080193 0.048265 0.093692 -0.142169 -0.047845 0.044201 -0.073966 0.000559 -0.472333 0.473450 -0.158445 0.158753 0.643018 -0.331061 0.500751 -0.335356 -0.168051 0.167972 -0.171101 -0.000786 -0.357494 -0.356817 0.000042 -0.000161 0.358570 0.001788 
0.000106 -0.001504 -0.002505 0.038880 0.059940 -0.033168 0.042247 0.136987 -0.281925 0.189186 -0.049583 0.048886 -0.045089 -0.050550 -0.653712 0.163847 0.000608 0.331021 -0.830371 0.835238 -0.671913 0.675068 -1.042212 0.515735 0.706722 0.178233 0.179170 -0.000367 -0.000444 0.000448 -0.179848 -0.134378 
-0.001819 -0.004772 -0.065555 -0.075771 -0.074803 -0.040297 0.084771 0.097288 0.089554 0.156132 -0.054713 0.108193 -0.110076 -0.047480 -0.141258 0.331153 -0.676803 -0.000059 0.169666 -0.169701 0.692436 0.342829 0.352911 -0.178164 -0.711017 0.001805 -0.539776 -0.364861 0.547760 -0.547493 0.731395 0.381902 
0.044036 -0.069279 0.160949 -0.130700 0.112840 -0.165048 0.233458 -0.135845 0.142645 -0.261806 0.175440 -0.129050 0.291387 -0.378720 0.331159 -0.468011 0.866864 -0.867674 0.881336 -0.523338 0.531219 -0.892950 0.720951 -0.722573 0.904627 -0.907270 0.548866 -0.552004 0.734120 -0.738694 0.557795 -0.618276 
0.001415 -0.018514 0.066006 -0.155639 -0.006014 0.001915 0.057316 -0.060761 0.049870 -0.052029 0.121836 -0.070155 0.006676 -0.075780 0.357223 -0.363523 0.336850 -0.515644 0.361091 -0.000080 0.548014 -1.095143 0.364567 0.369408 -0.185252 -0.369568 0.929456 -0.560080 -0.188983 -0.001120 0.378066 -0.578369 
0.001330 0.000875 0.009859 -0.021104 0.144719 -0.101129 0.258222 -0.211357 -0.002609 -0.173609 -0.141434 0.279177 -0.068073 -0.219270 0.146863 0.077417 0.001558 -0.003526 0.559539 -0.187097 0.374041 -0.187075 -0.187414 -0.000213 -0.377029 -0.571154 0.381604 -0.572658 0.764877 -0.573810 0.574702 -0.024429 
0.001738 -0.004308 -0.018797 0.009321 -0.013514 0.105664 -0.001382 0.000845 -0.337025 0.342902 0.075914 -0.146496 -0.000814 0.001591 -0.080312 0.079462 -0.166701 0.080057 -0.242614 0.537999 0.000024 0.000159 0.000677 0.000157 -0.193785 0.193780 -0.581770 0.388659 -0.389426 0.194046 -0.195610 0.593932 
0.003847 -0.000839 -0.007425 -0.005428 0.014521 0.048513 -0.049938 0.035294 -0.226200 0.227428 0.235786 -0.079976 0.002359 -0.166880 -0.173042 0.084864 -0.002655 0.182404 -0.183473 0.113162 -0.197195 0.197285 0.000391 0.000098 -0.197839 -0.793896 0.595393 -0.596087 0.795910 0.398669 -0.398944 0.218825 
-0.001078 -0.020083 0.020158 -0.046885 0.081082 -0.057595 0.091324 -0.126404 0.135555 -0.311983 0.248832 -0.269970 0.455821 -0.459207 0.468951 -0.666827 0.479717 -0.289472 -0.099234 -0.000536 0.788449 -0.175946 0.202610 -0.405347 0.405682 0.000192 -0.000020 -0.203113 -0.610794 0.407158 0.203847 0.013636 
0.002393 -0.008483 -0.001725 0.000879 0.090512 -0.097782 0.001319 0.030737 -0.041824 0.000104 0.045897 -0.054955 0.103686 -0.104172 0.314949 -0.316364 -0.000450 -0.106976 0.324106 0.109513 -0.221381 -0.138931 0.000012 -0.208048 0.832501 -0.624711 0.208316 -0.208656 0.208669 -0.208529 0.208594 -0.211853 
0.000729 -0.001467 0.062091 0.032905 -0.055726 0.164393 0.135165 0.193114 -0.199808 -0.053527 0.105801 -0.273932 -0.173683 -0.062249 0.221434 -0.471595 -0.354936 -0.476659 0.000172 0.479538 0.602714 0.364369 -0.270478 -0.013361 0.640002 1.067105 0.853900 -0.213472 -0.854157 -0.854372 -0.640999 0.001478 
-0.024279 0.026747 -0.061555 0.064670 0.018498 -0.018553 0.023809 -0.026122 0.065160 -0.065135 0.067206 -0.066616 0.067435 -0.067363 0.070731 -0.071127 -0.132882 0.133022 -0.531373 0.531608 0.133230 -0.133140 0.133683 -0.129626 0.218885 -0.218884 0.218903 -0.218898 0.218914 -0.218911 0.218991 -0.217454 
0.005932 0.006866 -0.008734 -0.094141 0.046491 -0.132974 -0.070874 0.072405 0.039265 0.083137 -0.098866 0.331692 0.000565 0.085028 0.085631 -0.084596 -0.258944 0.018457 -0.554977 -0.294721 0.147370 -0.000046 0.442605 0.295301 -0.287327 -0.873594 0.673325 0.673344 0.000004 0.000003 -0.448920 -0.902252 
-0.002562 0.005093 -0.016814 0.020140 0.118686 -0.120539 0.136658 -0.138647 -0.114846 0.114746 -0.238152 0.238310 -0.302917 0.306885 -0.421861 0.422732 -0.422961 0.423698 -0.212066 0.214082 -0.325206 0.325194 0.000021 -0.000037 -0.325277 0.327604 -0.920696 0.920700 -1.381053 1.381058 -0.460350 0.460380 
-0.003504 0.015945 0.000815 -0.002498 0.043036 -0.092448 0.052630 -0.048751 -0.145933 0.099526 0.000882 0.032777 0.167592 0.000790 -0.085450 -0.171628 0.091761 -0.507802 -0.128450 0.257069 0.257112 0.143767 0.203574 0.178617 -0.178621 -0.000003 0.013864 -0.658196 -0.472127 0.708191 0.236064 -0.471657 
-0.004458 0.009776 0.003770 -0.001770 -0.023175 0.032867 -0.087025 0.088908 -0.139976 0.154105 0.000426 -0.000093 -0.228485 0.243407 -0.165099 0.165204 -0.329373 0.345359 0.000010 -0.000002 -0.446443 0.459425 -0.306701 0.306702 -0.577927 0.586086 0.000000 -0.000000 -0.723647 0.726341 -0.484233 0.484233 
-0.003423 0.012534 0.001594 0.013814 -0.038862 0.023937 0.060419 -0.104757 0.034730 0.204870 -0.265610 0.258313 -0.149131 0.232835 -0.248318 0.092880 -0.094591 0.217366 -0.123156 -0.004015 0.119487 0.149840 -0.304831 0.486165 -0.180206 0.180025 0.402320 -0.425966 0.424992 0.721383 -0.745007 0.745008 
-0.002699 -0.003008 0.009160 0.016655 -0.014936 0.003394 -0.059766 0.068922 0.002161 -0.042230 0.053293 0.008145 0.004598 0.007844 0.008712 0.198927 -0.181001 0.229618 -0.210079 0.003130 0.016977 0.001426 0.013742 -0.167127 0.178213 -0.187762 0.199539 -0.209095 0.223814 -0.231378 0.251049 -0.254722 
-0.003722 0.030724 0.009075 -0.051689 0.029722 -0.002008 0.120385 -0.163556 0.095556 -0.154146 0.319059 -0.242811 0.210400 -0.007673 0.255996 -0.173312 0.202244 0.233016 0.364561 0.294198 0.435965 0.199724 0.499041 0.701728 -0.117478 0.764552 0.630195 0.257026 0.468385 0.034325 0.728137 0.522953 
-0.009667 0.012813 -0.035059 -0.032852 0.011918 0.144079 -0.184582 0.037848 -0.019320 0.333018 -0.039572 0.122754 0.048145 0.089940 0.562149 -0.043103 0.061067 0.345776 0.467253 0.100863 0.431695 0.355768 0.361550 0.149874 0.265964 0.150569 0.142873 0.285464 0.141045 0.135084 0.128766 0.118876 
0.001947 -0.003417 -0.001498 0.018326 -0.021035 0.054198 -0.060754 0.107103 0.000271 -0.149501 0.096205 0.187748 -0.147642 0.472481 -0.338392 0.269498 0.419289 -0.324373 0.348947 0.392704 -0.428359 0.287102 0.436260 0.511336 -0.193783 0.376095 0.768832 -0.227657 1.096652 0.456193 0.730263 1.034289 
-0.007008 0.001131 0.013951 0.015785 0.002046 -0.021918 -0.030998 0.035317 0.007842 -0.103721 0.051776 0.122362 -0.139315 0.149344 -0.083156 0.004552 0.318793 -0.318117 0.124232 -0.000426 0.007115 -0.149785 0.162488 -0.168839 0.175978 0.188064 -0.195349 0.220575 -0.224049 0.230665 -0.252191 0.255662 
-0.002785 0.004745 -0.009574 0.036853 0.008892 -0.115286 0.230525 -0.202633 0.129225 0.011337 -0.000561 -0.056300 0.076185 -0.235967 0.153528 0.165636 0.108975 -0.312445 0.359714 -0.139196 0.000001 -0.165517 0.978627 -0.846896 0.853235 -0.317443 -0.206185 0.205973 0.015824 0.493355 -0.737612 0.737611 
0.001571 0.016606 -0.021857 -0.031321 0.035385 0.051144 -0.112639 0.000321 0.000837 0.194110 -0.164988 -0.136325 0.206456 -0.141667 -0.014443 0.192851 0.103463 0.000009 -0.317776 0.551444 -0.286697 0.143346 -0.429881 0.491499 -0.188706 0.188707 -0.566136 0.571451 -0.239717 0.479434 -0.958868 0.716766 
0.005157 -0.000224 -0.012477 0.002282 0.056651 0.050692 -0.114587 -0.034460 0.073342 -0.030185 -0.016730 -0.001710 0.001249 0.073821 -0.074857 0.183370 -0.116742 -0.238384 0.238393 -0.238547 0.102362 0.331353 -0.172253 0.172265 -0.344518 0.344485 -0.437264 0.462442 -0.233728 0.233728 -0.233729 0.233731 
-0.005194 -0.012556 0.015629 0.002916 -0.002039 0.003879 -0.033450 -0.051920 0.101151 -0.053259 0.055323 0.000340 0.025569 0.005913 -0.098115 0.195055 -0.098366 0.098670 -0.102036 -0.138408 0.156525 -0.156527 0.156577 -0.156579 0.156632 -0.170014 0.227903 -0.227903 0.227906 -0.227906 0.227910 -0.231526 
0.000605 0.006061 0.046761 -0.070108 0.074039 -0.145703 0.061725 0.101599 0.011261 -0.161928 -0.008242 -0.000281 0.075159 0.002116 0.000146 0.000458 0.222312 -0.108186 0.001415 -0.000016 -0.141842 -0.141500 0.283829 -0.140689 0.405328 -0.211841 0.222234 0.222241 -1.111219 0.444503 -0.444518 0.666959 
0.001456 0.014631 0.001277 -0.066834 0.021697 -0.025973 0.089991 0.008868 0.111133 -0.056327 -0.119288 -0.245825 0.188531 0.063368 0.093459 -0.101037 0.380650 0.127169 -0.127100 -0.382895 -0.255944 0.128448 0.260306 -0.135692 0.866778 -0.866816 -0.433522 0.000021 -0.433612 0.216789 0.867258 -0.222348 
0.004805 0.006004 -0.008955 -0.033638 -0.007797 0.072476 0.042796 -0.176132 0.228704 -0.235084 0.045593 -0.152230 0.180446 0.431861 -0.112532 0.112866 -0.569767 0.572020 -0.689982 0.578745 -0.116320 0.241756 -0.643601 0.839406 -0.845019 0.845128 -0.845630 0.845672 -0.422930 0.211686 -0.634775 0.848409 
0.033987 -0.040058 -0.068339 0.030447 -0.032952 0.046787 -0.055934 0.037805 -0.043103 0.119402 -0.192512 0.344005 -0.002147 0.003297 -0.002872 0.003364 0.100436 -0.099084 0.102539 0.005857 -0.534648 0.594181 -0.824158 0.824349 -0.824914 0.825117 -0.825584 0.825868 -0.826184 0.826684 -0.827060 0.854475 
0.000984 0.005632 0.024551 0.020507 0.028056 0.000300 -0.025960 -0.057706 0.086955 -0.159767 0.171600 -0.427045 0.259185 0.001886 -0.091220 -0.002288 0.376114 -0.190145 -0.096059 -0.000359 0.372195 -0.395706 0.200784 -0.802683 0.200785 0.401836 0.402508 -0.201995 1.210745 -1.211177 0.403820 -0.606526 
-0.011688 0.020618 -0.037182 0.021036 -0.030698 -0.063696 -0.105796 -0.253486 0.144573 -0.294256 0.149768 -0.310553 0.154996 -0.080729 0.326678 -0.249953 0.512997 0.093361 -0.102894 -0.065029 0.584411 0.390692 0.195638 -0.392447 0.588663 -0.196556 0.000042 0.393844 -0.591259 -0.000609 -0.197104 -0.827655 
0.002172 -0.004642 0.013496 -0.013003 0.050314 -0.109324 0.166736 -0.168356 0.125066 -0.133319 0.140564 0.068539 -0.214299 0.003025 0.078912 -0.238812 0.238389 -0.087270 0.332774 -0.374731 0.758826 -0.758962 0.380058 -0.383723 0.191664 -0.191589 -0.000889 0.385206 0.000127 -0.387276 0.387566 -0.387096 
-0.000617 -0.010980 0.071298 -0.181330 -0.000357 -0.003896 0.098592 -0.049109 0.103130 -0.056732 -0.124535 0.236640 0.007869 -0.432506 0.289726 -0.000199 -0.024855 -0.195905 0.737438 -0.553543 0.184582 -0.184512 -0.560877 0.190643 0.750077 -0.939126 0.567177 1.517584 -0.949484 0.380441 -0.951434 -0.240714 
0.064470 -0.119489 0.146856 -0.166262 0.231958 -0.241370 0.203521 -0.213292 0.334219 -0.339794 0.240117 -0.246602 0.261515 -0.264228 0.285057 -0.285313 0.631965 -0.704955 0.710302 -0.712299 0.537306 -0.538542 0.723775 -0.725686 0.728223 -0.729792 0.549685 -0.551968 0.738170 -0.742210 0.746455 -0.752537 
-0.000300 -0.048453 -0.059791 -0.034380 0.219362 -0.039182 0.126306 -0.186593 0.102045 -0.059296 0.065596 -0.223188 0.230464 -0.122131 0.066684 -0.143512 0.171837 -0.171925 0.169588 -0.169594 0.171446 -0.348766 0.534648 -0.357880 -0.540788 0.361354 0.905926 -0.183258 -0.919757 0.554948 0.000056 -0.201759 
-0.004487 0.001236 -0.011022 0.020465 -0.066795 0.078947 -0.077772 0.179331 -0.046774 -0.098059 0.096415 -0.108448 -0.052221 0.107413 -0.280247 0.332404 -0.168164 -0.334296 0.339636 -0.339779 0.339232 0.174965 -0.174872 0.176152 0.177296 -0.360014 -0.181472 0.542759 0.000337 -0.725121 -0.000578 0.549810 
0.006393 -0.006853 0.016106 0.089363 -0.125099 0.007609 0.007505 -0.226066 -0.184238 0.420870 0.144796 0.195442 -0.246192 -0.445617 -1.291381 1.293607 0.323805 -0.000429 0.492138 -0.329961 -0.498941 -0.511966 0.172123 -0.172836 0.872625 1.245039 -1.069315 -0.535586 -0.359731 -0.359461 1.439622 -0.809805 
-0.003073 -0.004752 -0.003917 0.015020 0.037347 -0.039975 0.000976 -0.016033 -0.135270 0.047166 -0.047338 0.142526 -0.705349 0.615054 -0.770412 0.925466 -0.311565 0.009302 -0.164471 0.001798 -0.329537 0.829909 -0.502023 0.510250 -0.513482 0.000265 -0.000116 0.529315 -0.179633 -0.179186 -0.538478 0.903787 
-0.004221 -0.009957 0.025916 -0.008995 -0.016413 0.114518 -0.116559 0.016876 0.177683 0.048500 -0.014329 -0.366947 0.140904 0.293242 -0.149234 0.305493 -0.156739 -0.002105 0.480775 0.324414 0.001927 -0.493688 0.664042 -0.832472 0.165679 0.168138 -0.516943 0.169898 0.351375 0.180157 -0.719516 -0.580126 
-0.000945 -0.008280 0.009677 -0.019817 0.022856 -0.032073 0.038476 -0.049287 0.062411 -0.070890 0.257181 -0.265098 0.142194 -0.142390 -0.446782 0.451556 -0.616437 0.622714 -0.633308 0.636088 -0.321163 0.325092 -0.654117 0.657830 -0.665520 0.670232 -0.679010 0.685067 -0.697404 0.700868 -0.717129 0.717837 
0.007916 0.011329 -0.006348 -0.028947 0.015406 -0.019972 0.041357 -0.042086 -0.137602 -0.029744 0.261543 0.000412 -0.262181 -0.003392 0.163414 -0.450789 0.603146 -0.001446 -0.005069 -0.784773 0.001115 0.484110 -0.162942 0.165641 -0.165631 0.166451 0.513568 0.178022 0.000108 -0.526422 0.351114 -0.546539 
-0.018300 0.019927 -0.049035 0.036311 -0.023382 0.039798 -0.048329 0.051159 0.258808 -0.259871 0.132884 -0.134091 0.391376 -0.391028 0.268182 -0.267423 0.606443 -0.608464 0.616468 -0.618345 0.463774 -0.464440 0.470125 -0.471104 1.026957 -1.027466 0.689273 -0.516188 0.862016 -1.036334 0.867073 -0.868000 
-0.000024 0.002310 -0.000155 0.002118 -0.011596 0.011102 0.098143 -0.092557 0.000086 -0.000300 -0.000563 0.253178 -0.127410 -0.129179 -0.130775 0.131750 -0.000517 0.135923 -0.137413 0.155894 -0.318657 0.494682 -0.494851 0.168206 0.503831 -0.504676 -0.170449 0.511409 -0.511313 0.345137 -0.346443 0.173356 
-0.000547 0.002981 -0.000134 -0.004281 0.012835 -0.012017 -0.228511 0.228040 -0.355490 0.360336 -0.123241 0.245846 0.121036 -0.121301 -0.384778 0.261151 -0.129395 0.129003 0.431469 -0.433501 -0.174146 0.163543 -0.166590 0.332926 -0.000810 0.503838 -0.338499 -0.341561 -0.342681 0.342672 0.519250 -0.521578 
0.000294 0.000288 -0.001970 0.003138 0.199314 -0.424385 0.108937 -0.110236 0.001319 -0.001797 0.227520 -0.348125 0.473829 -0.245470 0.661595 -0.550737 0.561044 -0.847696 0.569723 -0.289435 0.146031 -0.451365 0.679655 -0.673896 0.507897 -0.170519 0.685290 -0.342183 0.171904 -0.345173 0.346376 -0.899537 
-0.000905 0.000270 -0.000115 0.014473 -0.202902 0.204273 -0.310322 0.311507 -0.101320 0.101741 -0.009979 0.006596 -0.385163 0.387956 -0.262993 0.265577 -0.267896 0.283577 -0.570701 0.576892 -0.295944 0.297925 -0.300714 0.302957 -0.495114 0.523204 -0.692414 0.694468 -0.521911 0.348221 -0.697823 0.874250 
0.000191 0.000075 -0.055333 0.086175 0.182898 0.091909 -0.184158 -0.092481 0.005635 -0.130101 -0.119046 0.241948 -0.116086 0.003152 0.254298 0.276156 -0.003425 -0.409675 0.274193 -0.278573 0.148523 -0.613034 0.623652 -0.779139 0.469216 -0.002221 -0.012113 0.353888 -0.354211 0.531407 -0.531685 0.188161 
-0.000007 0.000737 -0.375252 0.375538 -0.148946 0.056822 0.407690 -0.310092 -0.325067 0.329606 -0.121824 -0.004533 0.262836 -0.131608 0.129350 -0.131572 -0.123107 0.129449 -0.418959 0.425438 -0.287101 0.290225 -0.305307 0.306823 -0.311620 0.655759 -0.166178 -0.166059 -0.352177 0.541639 -0.361913 0.180948 
-0.096372 0.094423 -0.167188 0.171265 -0.205510 0.214705 -0.114832 0.122309 -0.254140 0.259908 -0.137060 0.140714 -0.142016 0.146591 -0.288082 0.292088 -0.291796 0.296019 -0.438325 0.444757 -0.569140 0.577586 -0.333766 0.334758 -0.469867 0.479858 -0.207938 0.205429 -0.350481 0.353439 -0.380857 0.355349 
0.073035 -0.013394 -0.036061 0.045230 -0.088778 0.095836 -0.133215 0.141569 -0.169085 0.176480 -0.205309 0.213929 -0.228136 0.235858 -0.262237 0.271072 -0.278360 0.287196 -0.309442 0.317916 -0.322552 0.331567 -0.347401 0.355012 -0.358508 0.366842 -0.375844 0.384675 -0.256018 0.269206 -0.417688 0.463083 
0.001150 -0.099324 0.130990 0.004860 0.081646 -0.087306 -0.005908 0.010906 0.231821 -0.233330 -0.015180 -0.112503 0.145919 -0.278751 -0.144524 0.531137 0.692016 -0.689997 -0.278820 0.139648 -0.138239 0.146021 0.005641 -0.298719 0.622791 -0.171060 -0.343759 0.190992 0.012386 -0.013357 0.182877 -0.171211 
-0.000012 -0.001278 -0.165064 -0.057871 0.000012 0.171965 0.394058 -0.183246 -0.008924 0.001930 0.129900 -0.365106 0.241010 -0.254730 0.264251 -0.124900 0.279230 -0.702674 0.844344 -0.579633 -0.160684 0.306577 0.311039 -0.636200 0.639204 -0.003983 -0.322933 -0.174285 0.535830 -0.357294 0.360362 -0.542818 
-0.000112 -0.000700 0.000335 -0.130231 -0.197123 0.099644 -0.001314 -0.198885 0.302728 0.001303 0.131041 -0.126255 0.379122 0.129650 0.135220 -0.397407 -0.275410 0.283111 -0.281408 -0.148247 0.600683 -0.752212 0.455510 -0.770971 0.607114 0.000270 0.174636 0.524450 0.000028 -0.000138 -0.175358 -0.579056 
0.000719 -0.002770 0.002511 -0.003933 -0.067167 0.028279 0.213224 -0.430313 0.215428 -0.222133 0.561353 -0.453591 0.248079 -0.270499 0.124441 -0.139653 0.415648 0.143826 -0.283062 -0.144204 0.290866 -0.439330 0.130748 0.002156 -0.000260 -0.514263 0.342521 0.516124 0.000266 -0.344547 0.351447 -0.350842 
0.003187 0.000654 -0.021383 0.012094 0.000021 0.111945 0.227825 0.000345 -0.454997 0.227701 -0.357513 0.371003 -0.621424 0.626630 -0.508407 0.643004 -0.540176 0.425024 -0.861027 1.009818 -0.287321 0.150992 -0.500133 0.166246 0.501689 -0.163654 -0.341462 0.001310 0.515773 -0.344168 -0.517467 0.730611 
-0.000046 0.005569 -0.008943 -0.010499 -0.011449 -0.011567 0.195607 0.505970 -0.828263 0.125261 -0.118571 -0.625208 0.381437 0.125120 -0.774781 0.520798 0.127994 -0.001216 0.565820 -0.000442 -0.002707 0.160748 0.163418 0.333584 -0.335324 0.336703 -0.169570 -0.510333 -0.001452 0.170312 -0.518687 0.182166 
