32.000000 
1.000000 
-0.001367 -0.001367 -0.019497 -0.019497 -0.017296 -0.017296 -0.002721 -0.002721 -0.076443 -0.076443 0.253925 0.253925 0.086109 0.086109 -0.283809 -0.283809 0.192363 0.192363 -0.301244 -0.116887 0.536404 0.455751 0.240145 0.022633 -0.344893 -0.231086 0.133927 -0.122590 -0.122590 -0.130177 -0.130177 -0.132739 
0.009087 0.005457 -0.042753 -0.039345 -0.011240 0.054593 -0.087620 0.036650 0.001420 -0.063544 0.302326 -0.114435 -0.133266 -0.210488 0.073890 -0.002943 0.093463 -0.095968 0.100094 0.001955 0.221199 -0.232011 -0.135444 0.779068 -0.546501 0.581816 -0.307586 0.481307 0.173228 0.179138 -0.003642 0.579208 
0.000444 -0.000106 0.024094 0.000473 0.000430 -0.024314 0.046714 0.000502 0.000087 -0.046596 0.000471 -0.129701 0.197861 -0.067643 0.078455 -0.078443 0.000042 0.000291 0.101023 -0.100580 0.112656 -0.113219 0.125060 -0.124528 0.139473 -0.139180 0.155427 -0.155545 0.172530 -0.171670 0.190672 -0.190052 
-0.000778 -0.022059 0.026541 -0.000659 0.035384 -0.174596 0.182632 -0.036098 -0.162729 0.056511 -0.001338 0.184922 -0.264992 0.225014 -0.230742 0.321344 -0.349574 -0.096216 0.097259 0.431005 -0.341041 -0.002202 0.253067 -0.135088 -0.135502 0.128621 0.473778 -0.159747 0.156402 0.372356 -0.372401 0.372497 
0.003083 0.005024 -0.067373 -0.020875 0.027373 0.076908 -0.132790 -0.090672 0.140640 0.097989 -0.183127 0.191222 -0.204789 0.209833 -0.227388 0.240207 -0.273560 0.274932 -0.282317 0.304614 -0.352201 0.352367 -0.354031 0.376550 -0.442802 0.442813 -0.443006 0.460852 -0.545569 0.545570 -0.545580 0.551749 
0.013647 0.016669 -0.031978 -0.082057 0.109613 0.064557 -0.075416 -0.172060 0.195272 0.110111 -0.110205 0.013480 0.003442 -0.291829 0.294632 -0.070229 0.106112 -0.201701 0.202483 0.000026 0.005499 -0.096319 0.131299 0.000097 -0.000043 -0.136201 0.145067 0.356665 -0.355277 0.355282 -0.355286 0.356518 
-0.001438 -0.000799 -0.000913 0.022479 -0.024759 -0.000957 -0.001399 -0.002001 -0.000715 -0.000045 -0.000241 0.060772 -0.063992 0.000297 0.170719 -0.170914 -0.000642 -0.000212 -0.004064 -0.005701 -0.000050 -0.000018 -0.000020 -0.000002 -0.001200 -0.003788 -0.000001 -0.000000 -0.000006 -0.000001 -0.000086 -0.004745 
0.001686 -0.002703 0.019911 -0.047041 0.049908 -0.025748 0.041695 -0.088806 0.092004 -0.046027 -0.065581 -0.000105 0.138253 -0.071879 0.079144 -0.157050 0.160279 -0.090196 0.111801 -0.228658 0.114851 0.115871 0.000192 -0.234852 0.276291 -0.159240 0.169526 -0.169533 0.169603 -0.169619 0.169679 -0.169481 
-0.000457 -0.003161 0.021758 -0.026704 0.024349 -0.027245 -0.004420 -0.004246 0.049569 -0.051209 0.062281 0.191036 -0.192218 -0.067454 0.073698 -0.082205 0.102928 -0.103260 0.105336 -0.106132 0.107137 -0.107862 0.110577 -0.122957 0.165541 -0.165565 0.165731 -0.165777 0.165903 -0.165968 0.166175 -0.179947 
0.005644 -0.005090 0.036700 -0.084723 0.107855 -0.056692 0.089199 -0.132058 0.144179 -0.097872 0.120673 -0.238986 0.251093 -0.146251 0.184676 -0.278439 -0.189124 0.286677 0.198343 -0.602247 0.100960 0.311142 0.323258 -0.306067 0.323172 -0.323200 0.323920 -0.324109 0.324606 -0.324786 0.325233 -0.321642 
0.001596 -0.025531 0.107041 0.132052 -0.150553 -0.131555 0.210790 0.258817 -0.269652 -0.235761 0.266447 -0.316747 0.397741 -0.404693 0.604949 -0.611679 0.438080 -0.456166 0.660554 -0.666351 0.472157 -0.593469 0.787766 -0.788036 0.789267 -0.791021 0.793203 -0.794647 0.795121 -0.797395 0.797686 -0.864535 
-0.001253 -0.006295 0.039857 -0.000916 -0.000462 -0.052333 0.078847 0.080289 -0.072582 -0.110065 0.139476 -0.142341 0.146640 -0.150154 0.164117 0.173119 -0.171310 -0.173532 0.179658 -0.182641 0.242943 -0.293785 0.306996 -0.307219 0.308388 -0.308727 0.310773 -0.311472 0.312240 -0.312819 0.313611 -0.319250 
-0.007235 0.004795 -0.038922 0.104694 0.027569 -0.102650 -0.090025 0.086284 -0.111297 0.112629 -0.136496 0.202772 -0.209307 0.141984 -0.162502 0.322590 -0.329086 0.167747 -0.184525 0.186788 0.298207 -0.298423 -0.300919 0.300860 -0.302414 0.302498 -0.306594 0.306583 -0.307374 0.307788 -0.309265 0.297521 
-0.007614 -0.000181 0.000336 -0.003122 -0.015334 -0.005802 -0.000125 -0.003110 0.304002 -0.313747 -0.002525 0.330986 0.068010 -0.410065 -0.001219 0.309835 -0.474017 0.156585 -0.060523 -0.005962 0.434479 -0.434761 -0.000821 -0.000340 -0.000114 -0.000926 -0.001359 -0.000286 0.000025 -0.001239 -0.000343 -0.008806 
0.007330 -0.013961 -0.047300 0.041502 0.150705 -0.158706 -0.138480 0.323997 0.050674 -0.253541 0.314610 -0.254560 0.263066 -0.338375 0.221830 -0.148246 0.318693 -0.469087 0.701690 -0.702051 0.706902 -0.708960 0.721450 -0.723469 0.727780 -0.731783 0.742559 -0.745575 0.746755 -0.750638 0.753046 -0.780213 
0.012077 -0.021818 0.047110 0.026797 -0.163504 0.083556 0.086492 -0.092506 -0.094979 0.094557 0.119463 -0.123256 0.062937 -0.063995 0.139993 -0.140135 0.239392 -0.262037 0.271208 -0.271914 0.275165 -0.275546 0.282694 -0.284515 0.286117 -0.287173 0.292996 -0.294673 0.295155 -0.296317 0.297910 -0.301912 
0.009607 -0.019826 0.116121 -0.119921 0.000552 -0.000399 0.174233 -0.043558 -0.135593 -0.000157 0.000458 -0.001152 -0.003832 0.000736 -0.006676 -0.002144 0.000342 -0.000762 -0.000711 0.000261 -0.000081 -0.000942 -0.000709 0.000075 -0.000045 -0.001137 -0.000630 0.000048 0.000059 -0.000390 0.000082 -0.016172 
0.001378 -0.006027 0.031967 -0.044507 0.027387 -0.028996 0.082112 0.045202 -0.045147 -0.090358 0.109974 -0.114948 0.057895 -0.058089 0.212054 -0.243330 0.251279 -0.251489 0.258426 -0.261228 0.263834 -0.265339 0.274320 -0.277971 0.278952 -0.281165 0.286936 -0.289751 0.290000 -0.291934 0.293123 -0.298552 
-0.005285 0.009050 -0.054561 0.054664 -0.017410 0.023766 -0.000371 -0.083142 -0.047770 0.137626 -0.264964 0.265340 -0.192444 0.230943 -0.361826 0.362002 -0.367418 0.368798 -0.384209 0.386009 -0.390472 0.392555 -0.408194 1.101242 -1.108031 0.419403 -0.429303 0.431473 -0.432141 0.434466 -0.437222 0.453889 
0.000231 -0.011792 0.093121 -0.020968 0.023765 -0.118151 0.133664 -0.155449 0.218686 -0.221998 0.242519 -0.246877 0.612836 -0.667309 0.694437 -0.700669 0.236003 -0.238507 0.625191 -0.635506 1.152954 -1.156736 0.809408 -0.408978 0.274535 -0.690005 0.706871 0.000293 0.000136 -0.721007 0.724205 -0.735186 
0.003441 -0.005059 0.018329 0.000486 0.002163 -0.023356 -0.035355 0.071851 -0.117081 0.083502 0.047988 -0.072879 -0.000475 -0.001278 0.341321 -0.342566 0.116746 -0.117982 0.124208 -0.125774 0.126858 -0.128874 0.134039 -0.135714 0.136119 -0.138346 0.140749 0.142201 -0.142263 0.288375 -0.288799 -0.151491 
-0.005625 -0.014611 0.063343 0.112512 -0.103974 -0.114670 0.151463 0.163641 -0.174694 -0.193242 -0.121955 0.101906 -0.615604 0.641179 -0.666463 -0.111478 0.115043 0.690682 -0.370729 -0.247443 -0.123011 0.758730 -0.134436 -0.671406 0.001574 0.817592 -0.422056 -0.281135 -0.139844 0.856818 -0.141179 0.144982 
-0.003056 0.005590 -0.032926 0.033504 0.024835 -0.021813 0.059093 -0.058846 -0.097445 0.123060 -0.194408 0.194591 0.000247 -0.001020 -0.219689 0.222003 0.227037 -0.225326 -0.244767 0.247273 -0.249355 0.251584 -0.265749 0.134066 -0.134958 0.271263 -0.279588 0.564163 -0.566825 0.284301 -0.286656 0.300530 
-0.000099 -0.006188 0.060820 0.000910 -0.017611 -0.055098 0.123887 -0.128044 0.252879 -0.264925 0.279305 -0.283313 0.384047 -0.386178 0.310989 -0.319335 -0.112933 0.113881 0.365242 -0.492803 0.123280 0.000044 0.396157 -0.398965 0.404692 -0.406815 0.419350 0.140817 -0.140995 -0.424204 0.428346 -0.430775 
0.002658 -0.003028 -0.000266 -0.001497 0.017837 -0.017336 0.055741 -0.049174 0.085641 -0.085432 0.092628 -0.091755 0.095417 -0.094296 0.107105 -0.106138 0.109185 -0.104635 0.122507 -0.122221 -0.374040 0.372909 0.133820 -0.133178 0.133931 -0.133829 0.140687 0.421678 -0.983840 0.422517 0.142820 -0.145068 
0.000561 0.000587 0.000472 -0.024223 0.012741 0.013191 0.002687 -0.001166 0.160275 -0.160708 0.001231 -0.000917 0.000080 0.000070 -0.105642 0.106211 -0.107170 0.107444 -0.117666 0.118644 -0.000008 -0.000216 0.000521 -0.267194 0.267396 -0.000454 0.000558 -0.280542 0.280592 -0.000249 0.000239 -0.000169 
-0.002030 0.000754 0.000211 -0.000410 -0.018268 0.004190 -0.000173 -0.000022 0.000132 -0.000406 -0.000749 -0.000507 0.000053 -0.000304 -0.002686 -0.104819 0.108425 -0.001562 -0.000215 0.000043 -0.120417 0.122472 -0.003205 0.000123 -0.000183 -0.001562 -0.000868 0.000018 -0.000007 -0.000623 -0.000149 -0.011721 
0.000517 -0.000194 0.005208 -0.004900 0.066848 -0.066777 0.074432 0.146938 -0.221253 -0.000053 0.087415 -0.087166 0.092000 -0.092229 0.105680 -0.105808 -0.106612 0.106804 -0.120062 0.120339 0.000060 -0.000062 -0.128301 0.128716 0.136466 -0.136860 0.140637 -0.140436 0.140418 -0.141042 0.142665 -0.142920 
0.000094 -0.001266 -0.020153 -0.051865 0.123716 -0.124493 0.135834 -0.139737 0.138269 -0.143243 0.168331 -0.262100 0.272226 -0.188223 0.202832 -0.209260 0.214005 -0.220399 0.233935 -0.239111 0.483636 -0.491218 0.256568 -0.261007 0.262159 -0.266634 0.270728 -0.282751 0.282755 -0.286110 0.284868 -0.327732 
-0.000008 0.001622 -0.163437 0.163346 -0.167891 0.169307 -0.215661 -0.071291 0.070072 0.217455 -0.177209 0.177671 -0.266363 0.266784 -0.316557 0.317191 -0.317240 0.317654 0.000195 0.000461 -0.481217 0.481796 -0.908682 0.909929 -0.000045 -0.000130 -0.408809 0.409386 0.000121 -0.000248 -0.432533 0.432545 
-0.004946 0.048511 -0.082059 0.083492 -0.111280 0.112128 -0.131565 0.133804 -0.145191 0.147230 -0.168695 0.172516 -0.177988 0.181854 -0.203898 0.208434 -0.211491 0.216014 -0.234320 0.238842 -0.240436 0.245005 -0.256830 0.261851 -0.262866 0.264126 -0.405096 0.413362 -0.141395 0.141672 -0.287219 0.313115 
-0.141472 0.142975 -0.162193 0.163510 -0.169018 0.170141 -0.210208 0.211486 -0.213643 0.214856 -0.265158 0.266431 -0.267573 0.268815 -0.317743 0.319013 -0.319694 0.320947 -0.362684 0.363949 -0.364428 0.365687 -0.396694 0.397949 -0.398461 0.399723 -0.417421 0.418642 -0.419930 0.421213 -0.427371 0.428716 
0.002686 -0.067231 0.128359 -0.128678 0.177276 -0.177142 0.209607 -0.212390 0.220808 -0.224552 0.258444 -0.263738 0.270867 -0.276475 0.310159 -0.316460 0.320570 -0.326944 0.355234 -0.361485 0.363647 -0.369776 0.388283 -0.396216 0.397462 -0.396405 0.545893 -0.554483 -0.145194 0.133731 0.435414 -0.465947 
-0.000353 0.004624 -0.249560 0.260522 -0.283216 0.283794 -0.349804 0.355329 -0.364694 0.366247 -0.435822 0.352183 -0.356465 0.447332 -0.522547 0.526494 -0.421671 0.425312 -0.475235 0.479533 -0.480349 0.484224 -0.516146 0.522990 -0.264323 0.265857 -0.542470 0.547682 -0.430110 0.430426 -0.719717 0.722492 
0.000935 -0.002174 -0.010121 -0.050675 0.126431 -0.127003 0.137531 -0.140267 0.146338 -0.149490 0.172770 -0.177264 0.183948 -0.189843 0.205788 -0.212604 0.214859 -0.220801 0.236980 -0.238920 0.482673 -0.491507 0.257487 -0.260611 0.528586 -0.541896 0.278488 -0.282167 0.564430 -0.568433 0.284839 -0.317025 
-0.000935 -0.000347 -0.000161 -0.000664 -0.009087 0.002723 -0.002726 0.003263 0.000068 -0.000457 -0.003074 0.000906 0.001254 0.001286 -0.000706 -0.211122 0.210449 -0.000118 -0.000992 0.001198 -0.001836 -0.000975 -0.003058 -0.001096 0.136262 -0.135512 -0.000955 -0.000076 0.000247 0.000662 -0.000079 0.001797 
0.001327 -0.002227 0.009065 -0.008928 0.035151 -0.036492 0.000117 0.000024 0.078109 -0.078254 0.087703 -0.091180 0.091790 -0.090565 0.103089 -0.105667 0.109919 -0.106184 -0.237213 0.236888 -0.245753 0.253556 0.132238 -0.132858 -0.402878 0.403523 0.139872 -0.139889 -0.000078 0.001061 0.142314 -0.148560 
-0.004107 0.006792 -0.044136 0.033566 0.000086 0.014333 -0.298780 0.316402 0.162423 -0.162698 -0.361498 0.367458 0.092931 -0.092468 -0.102725 0.000212 0.215592 -0.107329 -0.115560 0.119815 -0.500843 0.504605 -0.530620 0.266526 -0.267852 0.539859 -0.558225 -0.000035 -0.000359 0.565692 -0.569798 0.576818 
0.002405 -0.000213 -0.027698 -0.001042 0.032206 0.000007 0.015305 0.002589 -0.000177 0.000340 0.000592 0.000333 -0.000784 0.001407 -0.316999 0.319459 -0.002786 0.000773 0.000978 0.000041 -0.247433 0.250260 0.000517 0.000248 0.000110 0.002327 0.000674 -0.140474 -0.140681 0.282794 0.000136 0.011529 
-0.006007 0.005207 0.045982 -0.085842 0.184813 -0.150825 0.076743 -0.077441 0.668967 -0.717058 0.753208 -0.765311 -0.484668 0.486266 -0.323493 0.322832 1.125821 -1.136138 0.978658 -0.369896 0.372226 -1.000619 1.062717 -0.001273 0.000061 -1.081582 1.120851 -1.408788 1.410869 -1.136639 1.144111 -1.161934 
0.000365 0.003582 -0.033501 -0.000697 -0.044848 0.089379 0.030535 -0.123351 0.153496 -0.043103 -0.391182 0.392427 0.298855 -0.311110 0.442959 -0.445279 0.113835 -0.112009 0.123640 -0.124403 0.124661 -0.123321 0.134510 0.269401 -0.269709 -0.133771 0.141026 0.140541 -0.142370 -0.140936 0.143486 -0.129283 
0.001806 0.012845 -0.045891 0.041430 -0.015470 0.051335 -0.056743 -0.063923 0.076536 0.081413 0.208437 -0.000308 -0.000056 0.108046 0.227263 -0.113141 -0.229054 -0.234225 0.493217 -0.124931 0.250761 -0.634632 0.535460 -0.135211 -0.001782 -0.410927 0.562682 -0.000694 0.141681 -0.572057 0.142440 -0.290095 
0.000615 0.009182 -0.053514 0.062034 -0.062288 0.072588 -0.103707 0.106789 -0.123365 0.130602 -0.136097 0.188716 -0.218942 0.220950 -0.114936 0.115638 -0.351567 0.354689 -0.374854 0.377926 -0.636025 0.641767 -0.403458 0.271460 -0.545843 0.687797 -0.707316 0.568094 -0.285062 0.289093 -0.289249 0.459651 
-0.002070 -0.000368 -0.001084 -0.002863 -0.000243 -0.000321 0.007441 -0.001344 0.217941 -0.221173 0.000134 -0.000862 -0.047336 -0.001147 -0.000906 -0.000010 -0.000019 -0.000306 -0.004510 -0.000877 -0.000357 -0.001752 -0.003365 -0.000568 -0.000487 -0.002344 -0.003563 0.000108 -0.000016 -0.000876 -0.000518 -0.007417 
-0.000612 0.001877 -0.016917 0.020650 0.050694 -0.059639 0.165967 -0.083462 -0.129815 0.046632 0.215846 -0.216276 -0.060826 0.070348 0.000061 0.000062 -0.123294 0.123066 -0.128913 0.129267 -0.130791 0.130679 -0.139115 -0.276606 0.277078 0.138134 -0.143798 0.144041 -0.144159 0.144551 -0.146023 0.137167 
0.003437 -0.004250 0.034267 -0.072892 -0.055115 0.083952 0.081838 -0.174838 0.044289 0.047151 0.111120 -0.052915 -0.117533 0.059054 0.236961 -0.235875 0.253226 -0.253282 0.261200 -0.261496 0.265715 -0.266191 0.277269 -0.278314 0.280051 -0.281091 0.289474 -0.289883 0.290554 -0.291558 0.293925 -0.294327 
0.000696 0.008072 -0.021291 -0.077658 -0.051117 0.169580 -0.042819 -0.134439 -0.091982 0.289975 -0.059113 -0.241229 -0.066323 0.382982 -0.408745 0.462168 -0.786645 0.787800 -0.804092 0.805532 -0.812356 0.817977 -0.842402 0.845781 -0.849297 0.856430 -0.873671 0.877501 -0.878535 0.883716 -0.888044 0.925570 
0.007265 -0.003391 0.024533 0.028089 0.085231 -0.142647 0.043760 0.096362 -0.287899 0.143022 0.059599 0.001452 -0.000764 -0.064168 0.070897 -0.071550 0.099727 -0.123997 0.136471 -0.136473 0.138817 -0.138910 0.142276 -0.142446 0.144038 -0.144220 0.147400 -0.147587 0.148437 -0.148026 0.149606 -0.155186 
-0.001950 -0.004599 0.061936 -0.072372 0.095175 -0.100142 0.184060 -0.188032 0.142498 -0.152769 -0.064977 0.062770 0.194470 -0.205023 0.224352 0.000022 -0.000466 -0.261945 0.423651 -0.423873 0.425770 -0.428214 0.434931 -0.436167 0.437009 -0.441860 0.446588 -0.448604 0.448919 -0.452027 0.452701 -0.478667 
0.001220 0.003244 0.002526 -0.058059 0.063859 0.011573 -0.004127 0.102061 -0.256201 0.159681 0.001749 -0.064908 -0.137102 0.205191 0.000876 0.161220 0.079586 -0.240629 0.023246 0.006818 -0.291121 0.291824 0.000266 0.000256 0.000034 0.000505 0.000537 0.000203 -0.000004 0.000846 0.000314 0.004410 
0.001643 0.002838 -0.041047 -0.003343 -0.045200 0.099329 -0.071850 0.078489 -0.113716 0.116892 -0.272031 0.274407 -0.137856 0.144910 -0.324450 0.081757 0.081978 0.168829 -0.172535 0.190763 -0.299745 0.300154 -0.302133 0.302371 -0.303105 0.304871 -0.307010 0.307692 -0.308023 0.309449 -0.309836 0.329349 
0.001848 0.011775 -0.036877 -0.065442 0.072609 0.054574 -0.076091 -0.081766 0.082670 0.109436 -0.142075 -0.071780 0.073393 0.153665 -0.166232 -0.255713 0.259588 0.175910 -0.181639 0.185242 -0.196139 0.290750 -0.308568 0.308813 -0.309833 0.310400 -0.311815 0.312736 -0.313343 0.314185 -0.314607 0.329288 
-0.000464 -0.008549 0.090443 0.139999 -0.094935 -0.153781 0.173695 0.087558 0.000760 -0.279505 0.333797 -0.347312 0.489284 -0.494720 0.529580 -0.531987 0.534827 -0.548704 0.382603 -0.385301 0.579165 -0.618564 0.950224 -0.950337 0.951299 -0.953117 0.956756 -0.957415 0.957869 -0.960127 0.961163 -0.990902 
-0.007812 -0.009012 0.017281 0.056852 -0.082213 -0.027564 0.033903 0.227375 -0.232011 -0.055045 0.052128 0.122300 -0.125615 -0.099988 0.289975 0.094750 0.097511 -0.482374 0.102151 0.303746 0.102514 -0.512355 0.064655 -0.176148 0.162344 -0.162461 0.162557 -0.162944 0.162909 -0.163362 0.163195 -0.170491 
0.001721 -0.000911 0.023422 -0.093634 0.095598 -0.023793 -0.164984 0.166058 0.052488 -0.052070 0.064970 -0.129818 0.132694 -0.066598 0.075070 -0.074373 0.105027 -0.104753 0.107924 -0.107753 0.108793 -0.108307 0.111027 -0.107874 0.166328 -0.166307 0.166537 -0.166520 0.166645 -0.166621 0.166840 -0.164585 
-0.011148 -0.020585 0.072582 0.037841 -0.053494 -0.120271 0.161508 0.127577 -0.144861 -0.206102 0.227777 -0.207677 0.211895 -0.292541 0.310950 0.240162 -0.241107 0.013478 -0.213788 0.581049 -0.583148 0.351193 -0.353486 0.471810 -0.222806 -0.651010 0.681227 -0.681286 0.681475 -0.681612 0.681719 -0.690034 
0.000069 0.000171 -0.047517 0.047660 -0.047715 0.048061 -0.086643 0.086811 -0.098661 0.098971 -0.128049 0.192136 -0.192283 0.128607 -0.088184 0.088193 -0.176491 0.177292 -0.184303 0.184746 -0.253955 0.254167 -0.255142 0.255151 -0.255161 0.256135 -0.348673 0.348673 -0.348675 0.348713 -0.348737 0.348930 
0.014312 0.018203 -0.029585 -0.105710 0.134217 0.066155 -0.071102 -0.223327 0.243483 0.111221 -0.113294 -0.251564 0.133594 0.071418 0.078236 -0.234673 0.262120 0.107476 -0.207683 0.104311 0.000088 -0.214108 -0.012822 -0.276615 0.276596 -0.276746 0.568313 0.362195 -0.356915 0.356919 -0.356921 0.358413 
-0.003044 -0.004436 0.115482 0.093520 -0.098637 -0.125143 0.223839 -0.229177 0.186089 -0.195225 0.307929 -0.312510 0.344727 -0.356667 0.381532 -0.386413 0.455531 -0.474080 0.479008 -0.481365 0.581721 -0.603541 0.604413 -0.604752 0.732116 -0.749568 0.749704 -0.749727 0.906820 -0.913491 0.913502 -0.913503 
-0.055818 -0.044483 0.076658 0.065562 -0.171311 -0.162571 0.193204 0.232505 -0.262686 -0.268713 0.351876 0.247722 -0.337099 -0.359102 0.376278 -0.165910 0.248169 0.283197 -0.289763 -0.396479 0.210193 -0.238086 0.354931 0.541635 -0.557274 0.570325 0.499908 -0.648836 0.657209 0.211076 -0.187070 0.188112 
-0.003020 -0.004513 0.043700 0.069083 -0.075007 -0.052658 0.088731 0.136797 -0.142127 -0.097482 0.124709 0.000089 0.000258 -0.137040 0.152408 -0.076047 0.086723 -0.181961 0.193457 -0.207226 0.218681 -0.233562 0.246764 -0.260871 0.279873 -0.289249 0.313981 -0.318964 0.347621 -0.350229 0.382348 -0.383133 
-0.006769 -0.031474 0.042569 0.043728 -0.117682 0.045917 -0.069289 0.033448 -0.042707 -0.052566 -0.242318 -0.193804 0.077945 -0.078817 0.007462 -0.158024 -0.257588 0.267237 -0.011614 0.204680 0.448689 -0.109864 0.239826 0.265775 0.125277 0.859117 0.464249 0.960912 0.357637 1.405966 0.763892 0.980263 
-0.016469 -0.015997 0.005743 0.005148 -0.032763 -0.032406 0.029302 0.080849 -0.038013 0.015787 -0.240161 -0.244317 0.194585 0.285009 -0.145224 0.034802 -0.244492 -0.374699 -0.100318 0.613638 0.118604 0.041099 -0.086502 0.288321 0.413476 0.321521 0.322784 0.479828 0.624758 0.369640 0.664442 0.540892 
-0.021066 -0.005471 0.043104 0.027742 -0.070081 -0.056096 0.087515 0.213756 -0.310865 -0.220817 0.171676 0.300915 -0.199435 0.506985 -0.302550 -0.242857 0.075843 0.841482 -0.874725 0.318843 -0.118720 -0.351825 0.237785 -0.004376 0.166843 -0.576510 0.302176 -0.482402 0.189438 -0.156391 -0.546485 -0.193848 
-0.000763 -0.005164 0.043423 0.023873 -0.025326 -0.053586 0.089146 0.047323 -0.048348 -0.098736 0.126262 0.068475 -0.131852 -0.288862 0.380244 -0.163546 0.176285 -0.183092 0.192461 0.105433 -0.097535 0.000878 0.006290 -0.259669 0.271345 -0.585994 0.607208 -0.313142 0.339930 -0.332085 0.379566 -0.374366 
0.036184 0.039059 -0.034460 -0.013071 0.084917 0.111919 -0.104209 -0.061064 0.129091 -0.106901 -0.169134 0.059710 0.214751 -0.289377 -0.369689 0.396301 0.088571 -0.086346 0.013016 -0.002950 -0.436368 0.320744 0.912298 -0.659402 0.528977 -0.887461 0.941810 -1.101163 1.127145 0.558048 -0.556009 0.556034 
0.009166 0.005128 0.005664 -0.014713 0.031889 0.005536 0.004114 -0.035486 0.052620 0.005454 0.010735 -0.058589 0.068392 -0.275030 0.307553 -0.257165 0.263463 -0.441801 0.459641 0.018951 0.000162 0.000002 0.002907 0.011069 0.000011 0.000000 0.000177 0.033015 0.000000 0.000000 0.000007 0.020217 
-0.010628 -0.016119 0.056460 0.013476 -0.035855 -0.087495 0.123471 -0.008889 -0.007011 -0.158716 0.177429 0.063629 -0.075363 -0.211715 0.220646 -0.006943 0.000279 0.097853 -0.097637 0.098881 -0.092700 0.141651 -0.129996 0.133851 -0.133876 0.133794 -0.106213 -0.524822 0.530471 -0.530478 0.530492 -0.531050 
-0.010808 -0.019231 0.099287 0.109055 -0.130086 -0.136821 0.210365 0.224815 -0.243194 -0.248840 0.297446 -0.003221 0.017418 -0.384543 0.411946 0.084774 -0.085121 -0.431245 0.444602 -0.558220 0.613883 -0.614654 0.616971 -0.618053 0.619005 -0.737711 0.863702 -0.863733 0.863831 -0.863927 0.863990 -0.896677 
-0.004742 -0.010396 0.037285 0.113400 -0.122301 -0.058203 0.081274 0.217829 -0.223605 -0.112816 0.127470 0.064749 -0.071396 -0.139900 0.151856 -0.000727 -0.009012 -0.221756 0.224014 -0.225463 0.226599 -0.227763 0.229139 -0.231865 0.279709 -0.339225 0.337482 -0.337563 0.337669 -0.337821 0.337860 -0.338807 
0.002086 -0.002167 0.021526 -0.021666 0.025357 -0.025183 0.045583 -0.137672 0.144098 -0.049615 0.062000 -0.060863 0.066519 -0.066204 0.087409 -0.086260 0.101062 -0.101200 0.104769 -0.104441 0.106084 -0.106435 0.112742 -0.119069 0.164776 -0.164785 0.165017 -0.165035 0.165211 -0.165256 0.165506 -0.161794 
-0.000857 0.007709 -0.053929 0.041045 -0.056681 0.083731 -0.129145 0.133298 -0.140135 0.144176 -0.174398 0.175478 -0.207836 0.241014 -0.271198 0.273758 -0.279985 0.280545 -0.293643 0.296465 -0.099975 0.100720 -0.443952 0.472646 -0.482417 0.482487 -0.483671 0.484147 -0.484860 0.485202 -0.485932 0.486815 
-0.001164 0.003604 0.019657 -0.042784 0.051969 -0.024780 0.040242 -0.173092 0.182666 -0.045647 0.078092 -0.065633 0.078862 -0.079200 -0.083686 0.086402 0.089283 -0.089979 -0.091896 -0.188293 0.382877 -0.111407 0.156740 -0.156751 0.157186 -0.157277 0.158137 -0.158220 0.158496 -0.158760 0.159013 -0.147109 
-0.004609 0.000546 0.001125 0.088202 -0.043228 -0.051846 0.000679 -0.000843 -0.015865 -0.004929 -0.001494 -0.002521 0.217364 -0.218460 -0.002407 -0.256762 0.253627 -0.000660 -0.000246 -0.001061 -0.017509 -0.003211 -0.000137 -0.000198 -0.000045 -0.000204 -0.000290 -0.000282 -0.000061 -0.000515 -0.000127 -0.001973 
0.002209 0.010142 -0.034170 -0.041051 0.025094 0.075600 -0.031980 0.045747 -0.054171 0.054716 -0.131720 0.066731 0.002805 0.071756 -0.079077 -0.080069 0.082662 0.082364 -0.069422 0.133791 -0.741327 0.742060 -0.448337 0.449397 -0.150068 0.151911 -0.151513 0.153114 -0.152740 0.154336 -0.153617 0.181622 
0.005763 0.001294 -0.065343 0.069301 -0.017125 0.034409 -0.043579 0.048864 -0.298022 0.306145 -0.061256 -0.264130 0.267695 0.069378 -0.074448 -0.230772 -0.156091 0.470252 -0.092985 0.143792 -0.143962 0.144128 -0.144762 0.146864 -0.147105 0.148408 -0.148113 0.150692 -0.150870 0.152468 -0.151640 0.156783 
-0.002800 0.012170 0.011331 -0.055367 -0.057539 0.121862 0.047348 -0.182525 -0.048555 0.201576 -0.248107 0.124447 -0.130681 0.268149 -0.292405 -0.073868 0.043018 0.418091 -0.557711 0.558160 -0.562692 0.564532 -0.574076 0.576488 -0.580193 0.584016 -0.591507 0.595073 -0.596084 0.599345 -0.600958 0.632862 
0.011757 -0.013648 0.025275 -0.000480 -0.027133 0.000661 0.044813 -0.045148 -0.047967 0.046629 0.060797 0.125994 -0.188866 0.000746 0.069614 -0.069799 0.128414 -0.132062 0.134899 -0.135296 0.136418 -0.136519 0.141162 -0.141735 0.142298 -0.142567 0.146410 -0.146872 0.147034 -0.147374 0.148565 -0.149303 
-0.001230 0.004583 -0.024474 -0.000113 0.074294 -0.058464 0.085564 -0.086944 0.091217 -0.096927 0.116511 -0.058420 0.063365 -0.124099 0.146786 -0.200513 0.258954 -0.259374 0.264280 -0.265467 0.268684 -0.270598 0.278081 -0.280311 0.281716 -0.284580 0.289159 -0.291394 0.291607 -0.294449 0.294867 -0.306485 
-0.001140 0.000261 -0.002927 0.000076 -0.026672 0.028861 0.000706 -0.043661 0.044967 -0.000280 0.000246 0.000066 -0.171078 0.171270 0.009420 0.000995 0.000029 -0.000003 0.001688 -0.130284 0.131506 -0.000478 -0.137299 0.139126 -0.000896 0.000155 0.000870 -0.000057 0.000056 0.000641 0.000205 0.001022 
-0.000509 0.010059 -0.075194 0.042377 0.042463 0.003301 -0.202865 0.040753 -0.045286 0.228483 -0.260030 0.261316 -0.313034 0.451366 -0.597650 0.598831 -0.608675 0.612105 -0.635732 0.640700 -0.648164 0.657248 -0.678994 -0.139066 0.136414 0.698934 -0.711578 0.718430 -0.719168 0.725413 -0.727290 0.774775 
0.000793 -0.002965 -0.000188 -0.000108 0.083714 -0.088132 0.102082 -0.106234 0.088943 -0.089297 0.144372 -0.145480 0.110243 -0.111580 0.115365 -0.115884 0.471222 -0.472788 -0.128940 0.000013 0.637605 -0.510692 -0.137793 0.273196 0.547315 -0.684785 0.425921 -0.427362 -0.000837 0.000017 0.289815 -0.290647 
0.001057 -0.002187 -0.000068 -0.019456 0.020711 0.000851 -0.065487 0.074811 0.005681 0.003785 0.146119 -0.249996 0.426663 -0.436676 0.448747 -0.457577 0.346475 -0.355005 0.616827 -0.500271 0.252141 -0.388267 0.398682 -0.000636 -0.000730 -0.416421 0.419756 0.282964 -0.142715 -0.144536 -0.001220 -0.465396 
-0.000963 -0.000447 -0.019875 0.077019 -0.039915 -0.020167 -0.031342 0.030428 0.034372 -0.036241 0.295149 -0.297466 -0.000182 0.000485 0.449646 0.000805 -0.451779 0.000235 0.373268 -0.124648 -0.249778 -0.000139 0.403691 -0.134857 -0.270101 -0.000188 0.422796 0.141499 -0.565539 -0.000052 0.432695 -0.433337 
-0.001209 0.003163 -0.014673 0.017139 0.021273 -0.021288 -0.028498 0.028643 -0.052127 0.073139 0.000195 0.000313 -0.197660 0.199398 0.221057 -0.221153 0.226377 -0.226467 -0.122458 0.123252 -0.124770 0.125784 -0.132672 0.133864 -0.134839 0.136095 -0.140368 0.282963 -0.282757 0.142456 -0.143168 0.147776 
-0.000458 0.000256 0.000014 -0.000102 0.067776 -0.068134 0.074085 -0.074342 0.000074 -0.000065 0.381131 -0.381199 0.000144 -0.000121 -0.000031 -0.000065 0.113698 -0.113641 0.123494 -0.617064 0.493740 -0.000199 0.000172 -0.000140 -0.000180 0.000071 -0.000001 -0.140772 0.140762 -0.000097 -0.000002 -0.000061 
-0.002482 -0.000413 0.024048 -0.026890 0.000503 -0.000220 0.083938 -0.124050 0.168962 -0.169576 0.181417 -0.183145 0.189336 -0.191174 0.209444 -0.212881 0.215971 -0.218575 0.241425 -0.244722 0.249079 -0.252982 0.263762 -0.267435 0.267538 -0.271378 0.278084 0.140408 -0.140591 -0.283328 0.284870 -0.298425 
0.000123 0.000086 -0.011847 -0.011904 0.024043 0.000239 0.000065 0.000197 0.000749 -0.000889 -0.000019 -0.000026 -0.000047 0.000241 0.000074 0.106552 -0.106637 -0.000018 -0.000029 0.000051 0.252422 -0.251826 0.000114 -0.133365 0.133739 0.000061 0.000116 0.000205 0.000045 0.000102 0.000033 0.000175 
0.004301 -0.005858 0.021816 -0.022306 0.130593 -0.165147 0.221112 -0.222309 0.231988 -0.233109 0.262378 -0.266832 0.183834 -0.184292 0.316183 -0.104679 0.107179 -0.324821 0.356752 -0.360280 0.361883 -0.365742 0.262485 0.000803 0.133924 -0.405590 0.278200 -0.280428 0.421044 -0.423803 0.426958 -0.439204 
-0.001337 0.002263 -0.010977 0.013030 -0.130768 0.130853 -0.144735 0.145277 0.144446 -0.144767 -0.173933 0.174323 -0.182420 0.182805 -0.315816 0.317643 0.211450 -0.212634 0.239007 -0.239344 -0.240956 0.242133 0.256886 -0.256192 -0.134436 0.134849 -0.279697 0.279751 0.281324 -0.281076 -0.284893 0.285412 
0.001728 -0.002103 0.063577 -0.116838 0.182178 -0.182769 0.199686 -0.132567 0.151632 -0.227533 0.256600 -0.262574 0.269387 -0.274158 0.308710 -0.314683 0.318529 -0.324937 0.353204 -0.357932 0.238367 -0.248681 0.386416 -0.392558 0.393770 -0.397232 0.272221 -0.283990 0.425506 -0.427799 0.428602 -0.451101 
-0.000629 -0.000040 -0.154934 0.155375 -0.155837 0.161410 -0.207424 0.207337 -0.216359 0.219367 -0.259954 0.261691 -0.264399 0.266469 -0.208015 0.209411 -0.315043 0.317353 -0.237808 0.238627 -0.358761 0.361710 -0.129256 0.128634 -0.130991 0.137036 -0.136119 0.135838 -0.424316 0.429623 -0.433214 0.434278 
0.055506 -0.082143 0.139163 -0.143972 0.175365 -0.178537 0.208336 -0.211539 0.219214 -0.221953 0.260257 -0.264592 0.268925 -0.272992 0.312124 -0.316927 0.319420 -0.323972 0.356814 -0.361672 0.239665 -0.244230 0.389916 -0.393990 0.260857 -0.265665 0.276180 -0.281284 0.279142 -0.286516 0.437608 -0.448289 
-0.064024 0.064330 -0.070391 0.071494 -0.075643 0.076449 -0.082954 0.083611 -0.084508 0.085118 -0.097846 0.098529 -0.001056 0.001698 -0.113458 0.114160 -0.000521 0.001183 -0.127203 0.127932 -0.000247 0.000944 -0.137478 0.138262 -0.000089 0.000884 -0.143861 0.144614 -0.000910 0.002091 -0.151066 0.150168 
-0.004600 -0.009696 0.048997 -0.049507 0.062497 -0.065730 0.066703 -0.070057 0.072145 -0.075289 0.084155 -0.087373 0.090640 -0.093910 0.101938 -0.105416 0.107057 -0.110630 0.353292 -0.356825 0.121438 -0.125253 0.387269 -0.388022 0.264034 -0.271699 0.001725 -0.000574 0.701526 -0.713578 0.145806 -0.146942 
-0.000168 -0.002092 0.016073 -0.032631 0.057990 -0.057419 0.064783 -0.065344 0.070067 -0.072254 0.082481 -0.084860 -0.004772 0.002521 0.100089 -0.102375 0.103355 -0.106266 0.115253 -0.117363 0.117932 -0.121301 0.126166 -0.129911 0.129768 -0.132579 0.130967 -0.140213 -0.000136 0.000108 0.143101 -0.142117 
-0.002084 0.002894 -0.026369 0.036760 -0.127147 0.127695 -0.141554 0.142077 -0.143641 0.145588 -0.000435 0.000971 -0.180150 0.181628 -0.104141 0.104906 -0.212083 0.214102 -0.237789 0.240116 -0.240461 0.242581 -0.129219 0.130307 -0.262601 0.265377 -0.280043 0.280753 -0.140909 0.141376 -0.284986 0.290373 
0.000049 -0.006324 0.017113 -0.021579 0.131144 -0.170360 0.214030 -0.216233 0.226379 -0.228376 0.257997 -0.171698 0.181674 -0.278192 0.307626 -0.316205 0.533492 -0.539728 0.352043 -0.358087 0.359252 -0.367014 0.379095 -0.401481 0.406660 -0.406968 0.416467 -0.421173 0.421157 -0.424053 0.426102 -0.433230 
-0.000635 -0.002387 0.009663 -0.020195 0.015819 -0.028867 0.153381 -0.153800 0.080214 -0.081449 0.088798 -0.090077 0.093573 -0.095180 0.103912 -0.104802 0.323107 -0.327097 0.236135 -0.238486 0.374582 -0.375939 0.132334 -0.133473 0.133444 -0.136825 0.138780 -0.280312 0.280366 -0.142397 0.142152 -0.155814 
-0.006737 0.015441 -0.079015 0.045517 0.042741 0.000020 -0.427024 0.518102 0.001083 0.001261 -0.626437 0.637888 -0.278326 0.285064 -0.731205 0.743982 -0.320126 0.330387 -0.339959 0.250638 0.249065 -0.124552 -0.923119 0.532810 -0.536514 0.946140 -0.973319 0.280251 -0.281879 0.991110 -0.997098 1.021066 
