32.000000 
2.000000 
-0.019445 -0.022007 0.013115 0.025826 -0.040071 -0.005279 0.070031 0.122721 -0.012460 0.126939 0.132670 0.183722 0.212343 0.407208 0.496461 0.546848 0.362950 0.387326 0.671694 0.759237 0.557476 0.638157 0.755180 0.825897 0.702713 0.760749 0.887727 0.930852 0.932133 0.826636 0.826636 0.834322 
-0.016399 0.029171 -0.034929 0.085165 -0.144859 0.037377 0.153456 -0.002955 0.007901 0.104594 -0.171825 0.307575 -0.214554 0.231738 0.246836 0.109169 -0.101461 0.663524 -0.606627 0.363486 0.679333 -0.001720 0.298297 0.833603 0.364269 0.185435 0.795161 0.207317 0.653539 0.923923 0.977762 1.293741 
-0.003943 0.011772 -0.034601 0.041133 -0.059561 0.043688 -0.064861 0.065382 -0.087156 0.091262 -0.112929 0.117817 -0.140660 0.145873 -0.169857 0.178076 -0.201644 0.212334 -0.236989 0.245754 -0.275445 0.280741 -0.316591 0.319948 -0.360292 0.360836 -0.406546 0.399609 -0.455397 0.448759 -0.506906 0.505830 
-0.003966 0.023628 -0.018868 0.036232 -0.048504 0.023054 -0.067704 0.168418 -0.085351 0.047863 0.060772 -0.126848 -0.072302 0.068160 0.000294 -0.003771 0.336458 -0.345016 0.108674 -0.283185 0.714805 -0.714577 0.453434 -0.522825 0.524293 0.000111 0.209765 -0.837848 0.414305 0.484723 -0.741300 0.741302 
-0.004861 -0.003127 0.003184 0.004566 0.043372 -0.116212 0.037956 -0.055870 0.137763 -0.091962 0.045715 -0.137288 0.075373 -0.227256 0.304116 -0.194015 0.328563 -0.219044 0.110095 -0.261915 0.296618 -0.593251 0.593347 -0.340030 0.576113 -0.192037 0.000012 -0.423885 0.481827 -0.963654 0.963655 -0.498815 
0.005440 0.000453 0.001540 -0.003253 0.023024 -0.012641 0.129342 -0.211621 0.262923 -0.267800 0.088832 -0.014754 -0.079999 -0.000251 0.320896 -0.417716 0.205659 -0.251555 0.247702 0.123893 0.125857 -0.282939 -0.006454 0.000006 -0.000005 0.000006 0.208057 0.009020 0.234893 -0.234893 0.000000 -0.000057 
0.007124 -0.005818 -0.019363 0.020308 0.024505 -0.023610 -0.049480 0.039451 0.001590 -0.002190 0.053181 0.058838 -0.176082 0.084634 -0.101350 0.101326 0.203389 -0.203685 -0.103939 0.112392 -0.159515 0.159494 -0.000074 0.319324 -0.478961 0.153483 0.000000 -0.000001 0.458076 -0.458078 -0.229050 0.236777 
0.000276 0.003722 0.051119 0.000246 -0.024687 0.060702 0.034447 0.000783 -0.033220 -0.111323 0.050773 -0.079735 -0.161076 0.162289 -0.081963 0.082268 0.069868 0.352045 -0.140015 -0.000045 -0.000016 0.144543 -0.434056 0.000335 -0.060718 0.655990 -0.223327 -0.446681 0.000003 0.223352 -0.223353 0.670432 
0.010307 -0.048770 0.104625 -0.016968 -0.052487 -0.023065 -0.021798 -0.057373 0.294679 -0.357016 -0.314463 0.444669 0.192977 -0.330639 0.114993 -0.124406 0.518826 -0.908789 0.650741 0.651672 -0.521804 -0.786164 0.522578 -0.211784 1.088843 -1.306644 -0.871238 1.089101 0.871326 -1.307186 0.653435 -0.254301 
-0.003543 0.002709 0.006587 -0.091431 0.045933 -0.117328 0.041112 -0.044828 0.046707 -0.101948 0.152430 0.213979 -0.187800 0.293344 -0.222315 0.229931 -0.000927 0.116590 -0.117565 0.117338 0.000961 -0.233564 -0.301149 0.200602 -0.849213 0.424638 -0.849640 1.062269 -1.062503 1.275266 -0.212509 0.212816 
-0.004195 0.041303 -0.043747 0.077275 -0.140796 0.127045 -0.033761 0.005544 -0.112300 0.171794 -0.178873 0.289765 -0.301944 0.404915 -0.412524 0.102024 0.313508 -0.104607 -0.528588 0.534263 -0.429197 0.587924 -0.827637 1.034949 -1.449977 0.621515 0.621788 0.000313 -1.037050 1.037998 -0.830660 0.870567 
0.003054 -0.015848 -0.010422 0.045013 -0.051783 0.081517 0.000787 -0.150851 0.127609 0.315195 -0.000251 -0.086725 -0.357104 0.545612 -0.371522 0.383052 -0.286241 0.193889 -0.389631 0.292284 -0.457948 0.797254 -0.806456 0.806748 -0.605563 0.201601 -0.404639 0.809559 -1.013317 0.202712 0.000051 0.819739 
-0.001648 -0.000068 0.007798 -0.010426 -0.020394 -0.001034 -0.042727 0.090155 -0.070788 0.001805 0.000805 -0.077552 0.080065 0.002816 -0.166515 -0.001683 0.088096 -0.089252 0.092636 0.258934 0.391943 -0.392595 0.393407 -0.196581 -0.197310 -0.197414 0.197618 -0.396021 0.197848 0.000134 -0.596328 0.800778 
-0.005041 -0.020319 -0.024973 0.019110 0.027601 -0.056623 0.283207 -0.286163 -0.195414 -0.139853 0.070012 0.218458 0.371499 -0.228066 -0.228057 -0.001496 0.244575 -0.082940 0.159325 -0.186097 -0.000134 0.000032 -0.001934 -0.576527 0.769681 1.156768 -0.192940 -0.386846 -0.580962 -1.167752 1.362615 -0.390439 
0.000020 0.001379 0.048233 0.035538 -0.046859 0.049252 -0.200495 0.204569 -0.216858 0.229339 -0.249502 0.269256 -0.138395 0.215788 -0.141745 0.149087 -0.455529 0.575004 -0.741568 0.741606 -0.744672 0.558912 -0.187162 -0.187697 0.188087 0.000269 -0.380249 0.190685 -0.381444 0.381345 -0.381818 1.019112 
-0.016998 -0.029598 0.096211 -0.071359 -0.004429 -0.135427 0.290323 -0.095441 -0.006950 -0.105089 0.117063 -0.120144 0.060920 -0.062694 0.213438 -0.217494 0.077772 -0.176544 0.179372 -0.181102 0.543304 -0.543952 0.182784 -0.736215 0.736744 -0.185259 0.554763 -0.557305 0.373478 -0.375879 0.188590 -0.192760 
0.007497 -0.029496 0.026944 0.042478 -0.035854 0.040316 0.096540 -0.182339 -0.101664 0.250301 0.122184 -0.333772 -0.012420 0.188628 -0.129335 0.070912 0.344975 -0.171123 0.001761 -0.353126 0.353721 0.000031 0.181178 -0.359346 -0.182040 0.363140 0.182505 -0.366337 -0.369195 0.555384 -0.372077 0.204930 
0.001658 -0.011732 0.025623 -0.102196 0.071750 -0.116089 0.042878 0.003824 0.194249 -0.205207 0.315665 0.108752 -0.217649 -0.227318 0.563676 -0.658309 -1.177808 0.842467 0.338541 -0.168877 0.856146 -0.699765 0.702853 -0.707008 0.176211 -0.181958 0.357358 -0.906212 -0.181671 0.182129 0.912255 -0.370231 
-0.005416 0.003347 -0.009060 0.032383 -0.045687 0.099299 -0.134454 0.180249 -0.186742 0.189565 -0.145060 0.000386 -0.000589 0.215847 0.162216 -0.162717 -0.327068 0.329549 -0.495692 0.331339 -0.498904 0.676259 -0.343945 -0.000809 0.533281 -0.354670 -0.358695 0.537097 -0.538712 0.000296 0.000041 0.598803 
-0.001275 -0.005921 -0.048772 0.049085 -0.032702 0.020062 0.037953 0.094760 0.280642 -0.094810 -0.094776 -0.094226 0.345243 0.153143 -1.091201 0.000528 0.784934 0.150005 0.490453 0.163397 -0.498683 0.165485 -0.335686 -1.194998 0.342584 0.342889 0.692532 -0.709190 0.357766 0.895895 -0.896531 -0.369541 
-0.005811 0.004346 0.004065 -0.011878 0.012475 0.033868 -0.073296 0.065451 -0.181256 0.215519 -0.134806 0.019696 -0.432439 0.445309 -0.453450 -0.314704 0.471270 0.159547 0.002122 -0.324622 0.328441 -0.495680 0.166833 0.166309 0.001382 -0.172206 0.345731 -0.346486 0.354200 -0.357471 0.542067 -0.034172 
-0.000235 -0.007287 0.007080 0.031675 -0.086866 0.072779 -0.029465 0.094790 -0.143297 0.113121 -0.107395 0.408850 -0.553465 0.274466 0.153423 -0.005588 0.007784 -0.005042 -0.161213 -0.159029 -0.001222 0.323016 0.492531 -0.660602 0.168555 -0.340201 0.682335 -0.169882 -0.346849 0.354380 -0.715142 0.360362 
-0.015298 0.026349 0.004786 -0.004015 -0.070165 0.085191 -0.113765 0.114663 -0.000909 0.218080 0.393473 -0.393682 0.262864 -0.266105 -0.727159 0.748595 -0.149226 0.150486 -0.152228 0.314645 -0.636720 0.323600 -0.488768 0.163975 -0.165470 0.667417 -0.669511 0.506865 -0.175935 0.176201 -0.704839 0.977718 
-0.004155 -0.014412 0.041429 -0.033032 -0.001122 -0.012765 0.057217 -0.068662 0.101794 -0.124314 0.513959 -0.388302 -0.129112 -0.000167 0.262133 -0.258062 -0.004073 -0.004265 0.156603 -0.159297 0.160186 -0.160951 0.483625 0.008024 -0.326494 -0.171301 0.514816 -0.689281 0.862897 -0.690477 0.173488 -0.176558 
0.000494 0.005111 -0.006696 0.028520 0.010997 -0.010893 0.029900 0.095641 0.491790 -0.491962 0.123405 -0.255956 0.384168 0.001612 -0.131529 -0.132895 0.001033 -0.005084 -0.301857 0.000153 -0.473576 0.636553 -0.330524 -0.166802 0.670499 0.001911 -0.508756 -0.174796 0.172038 0.172057 -0.345416 0.767839 
-0.000936 0.000669 -0.001853 0.000779 0.029629 -0.018620 0.227701 -0.345891 0.347680 0.245285 -0.367339 0.495129 -0.626112 0.506552 -0.385131 0.524099 -0.396467 -0.272836 0.142879 -0.140802 -0.161596 -0.492901 0.330159 -0.332171 0.334067 -0.167860 0.169860 -0.340162 0.342254 -0.517791 0.518599 0.347306 
0.000586 0.008991 0.005037 -0.015424 -0.033517 0.214618 -0.665723 0.669310 0.340381 -0.343885 0.346739 -0.349150 -0.360383 -0.246701 0.381750 0.259499 0.278990 -0.139446 -0.574063 -0.720330 0.868933 0.316777 0.842987 -1.008775 -0.338611 0.000076 -0.511470 0.171061 0.516309 0.517339 -0.691453 0.568721 
-0.000740 0.000910 -0.000936 0.002909 -0.202845 0.206035 0.000329 0.000504 -0.218213 0.218796 -0.221051 0.221547 0.388286 -0.389045 0.393749 -0.394491 -0.139319 0.141168 -0.142657 0.142917 -0.148122 0.149071 -0.149995 0.151772 -0.517187 0.517379 -0.518857 0.519554 0.694667 -0.694990 -0.174070 0.174636 
0.000002 0.000342 -0.002768 0.016325 0.375593 -0.378212 0.379511 -0.286258 -0.095953 -0.001090 -0.604101 -0.002299 -0.125298 0.497614 0.383467 0.271095 0.136242 -0.137366 -0.139512 -0.285849 0.451920 -0.302769 -0.152719 0.155532 0.001121 -0.167546 -0.167001 0.704976 0.529142 -0.529260 -0.529815 0.019417 
-0.000003 0.001635 0.078883 0.078974 -0.081922 -0.074085 -0.105971 -0.000244 -0.217730 0.325467 0.243810 -0.120414 0.370452 -0.497641 -0.132267 0.132180 -0.542568 0.547898 0.279118 -0.279682 0.593335 -0.596868 -0.299679 0.300629 -0.164049 0.327891 -0.164288 0.000040 0.361446 -0.540979 0.180179 -0.000018 
-0.043528 0.084373 -0.136071 0.160576 -0.177972 0.183769 -0.203321 0.205667 -0.219649 0.222055 -0.115261 0.117824 -0.130254 0.130743 -0.256773 0.261669 -0.008496 0.010544 -0.136294 0.139358 0.135681 -0.140483 -0.745321 0.760161 0.300915 -0.311692 0.165169 -0.165910 -0.001678 0.001235 -0.176797 0.207234 
0.273476 -0.276694 0.294788 -0.297557 0.309535 -0.311885 0.328463 -0.330845 0.335587 -0.337775 0.366071 -0.368472 0.370996 -0.373311 0.405838 -0.408248 0.409984 -0.412350 0.441702 -0.444100 0.445680 -0.448064 0.469061 -0.471409 0.473769 -0.476159 0.486381 -0.488840 0.494912 -0.497492 0.506463 -0.509077 
-0.022189 -0.076315 -0.002293 0.149655 0.012866 -0.009853 -0.194231 0.194976 0.242489 -0.234098 -0.106631 0.226929 0.139201 -0.134547 -0.647043 -0.133957 0.946179 -0.290093 -0.284302 0.150182 0.291562 -0.157476 -0.295970 0.304625 0.160650 -0.156174 0.170629 -0.173364 0.354302 -0.365822 -0.181680 0.209102 
-0.000050 -0.004558 0.031756 0.023112 -0.659168 0.577472 0.196251 0.026967 0.437355 -0.551958 0.003111 0.001973 -0.250895 0.129690 0.781829 -0.259788 0.401018 -0.407873 -0.278918 -0.285157 -1.023399 0.441126 0.746113 -0.147839 0.969602 -0.323563 0.013207 -0.671621 -0.896849 0.179397 0.542223 0.169085 
0.000200 -0.000392 -0.007824 -0.015285 0.000267 -0.000385 -0.292845 0.097720 0.095803 0.105018 -0.364309 0.370555 0.250949 -0.255565 0.258463 -0.393483 0.415651 -0.279451 -0.420908 0.445891 -0.000772 0.001558 -0.000998 -0.152772 0.636252 -0.512748 0.001320 -0.175425 0.175469 -0.351979 0.351939 -0.009678 
-0.000304 0.001875 0.001400 0.013912 -0.340370 0.386165 -0.213202 0.105088 0.326766 -0.218428 -0.336930 0.337871 -0.233123 -0.001906 0.003585 0.271030 -0.416630 0.417303 -0.142192 -0.144876 -0.001793 0.293372 -0.291325 0.300267 -0.342917 0.343374 -0.172366 -0.345428 0.692058 -0.172521 -0.522612 0.526019 
-0.001782 0.002438 -0.001728 0.001632 -0.071494 0.200586 -0.111801 0.112020 -0.224814 0.225787 -0.232303 -0.127089 -0.242189 0.617733 -0.374739 0.122975 -0.565474 0.852158 -0.856804 0.717794 -0.136884 0.307756 -0.334839 -0.167759 0.503258 -0.675463 0.680103 -0.171251 -0.000745 0.344542 -0.516832 0.383767 
-0.001133 0.001369 0.006775 0.008546 0.003187 0.006962 0.729732 0.132115 -0.111443 0.245966 -0.242889 -0.121243 -0.001709 0.382420 -0.390078 -0.263884 -0.275563 -0.146384 -0.160398 0.016186 -0.156783 -0.162065 -0.493131 -0.001256 -0.336139 0.505359 -0.506214 0.508945 0.171586 0.346008 0.174472 0.011055 
-0.000983 -0.002423 -0.005486 -0.010214 -0.010438 0.011294 0.125770 -0.296766 0.123648 0.623258 -0.876021 0.122194 0.386096 -0.521589 -0.132004 0.264420 0.401269 -0.431040 0.154911 0.155340 -0.157190 -0.169911 0.166454 0.000247 -0.335613 0.336829 0.677821 0.174729 -0.344151 0.172428 -0.691706 -0.241633 
-0.000625 0.024009 -0.032920 -0.011195 0.105830 -0.071605 -0.032475 0.064250 -0.348401 0.371899 -0.128788 -0.126466 0.521544 -0.130761 -0.528482 0.562931 -0.297836 0.000214 -0.310199 1.250357 -0.627711 -0.316950 -0.154587 -0.000479 -0.000079 0.514315 -0.689809 0.691075 -0.520804 -0.000579 -0.174131 0.710971 
-0.003223 0.006213 -0.029156 0.009397 -0.008905 0.057423 0.075070 -0.051160 0.145153 -0.219019 -0.262908 0.394539 0.396003 -0.417830 0.148237 0.148550 0.150897 -1.089706 0.628847 -0.157685 0.633411 -0.321225 -0.163454 0.154907 0.335092 -0.503160 0.169703 -0.524747 1.051138 -0.529681 -0.176963 -0.179272 
0.000869 -0.013392 -0.003681 0.034417 -0.067211 0.046068 -0.109955 -0.013585 -0.073223 -0.087581 0.177805 -0.265137 -0.276007 -0.434359 0.155580 0.002261 -0.762110 0.152132 -0.156783 0.323885 -0.487561 -0.164117 0.490245 0.496541 -0.665331 0.506215 -0.171729 0.517059 0.175480 -0.173593 0.354732 0.363469 
-0.006726 0.013395 -0.022426 0.036176 -0.018639 0.056794 -0.068104 0.029972 0.064363 0.051059 -0.148455 -0.020433 -0.440715 0.439841 -0.467848 0.464556 -0.159699 0.480985 -0.482888 0.492542 -0.984468 0.823613 -0.167108 0.673233 -0.848746 0.683709 -0.340430 0.003871 -0.176463 0.182838 -0.000106 -0.184311 
0.001044 -0.004450 0.038256 -0.030102 0.034740 -0.065596 -0.002506 0.040435 0.046941 -0.141392 0.047754 0.000334 0.552153 -0.610438 0.157217 -0.157493 -0.158433 0.158809 0.333006 -0.662014 0.163204 0.504213 -0.508007 0.511967 0.343927 -0.862302 0.351849 0.177571 -0.357890 -0.717063 1.076040 -0.364050 
0.000792 0.005179 -0.002219 0.051939 -0.012798 0.160399 0.133119 -0.089756 0.044758 0.000565 -0.047280 0.000340 -0.256237 -0.000328 -0.816526 -0.164824 0.164936 -0.497410 0.331948 -0.167411 -0.001106 1.013264 0.170800 0.524840 0.532972 -0.177727 0.357528 -0.000402 -0.359114 -0.180185 -0.723752 -0.006753 
-0.000248 -0.002707 -0.027626 -0.150104 0.077402 0.000076 -0.000745 0.048646 0.144328 0.106419 -0.051702 -0.053337 -0.000934 -0.111520 -0.067731 0.003865 -0.338612 -0.000549 0.339945 -0.340283 0.345016 0.171458 0.000171 0.353464 -0.354337 -0.357096 0.182206 0.365054 -0.546893 -0.182560 0.365451 -0.008433 
0.006588 -0.018197 -0.080002 0.131951 -0.093479 0.053126 -0.103029 0.107659 -0.110323 0.117231 -0.122323 0.069430 -0.071886 0.143545 -0.141426 0.171361 -0.342610 0.341517 -0.347955 0.347439 -0.353037 0.353029 0.180601 -0.180636 -0.359577 0.359514 -0.180866 0.180284 0.187536 -0.187434 0.373447 -0.351303 
0.001798 0.082352 -0.070314 0.025615 -0.086211 0.006945 -0.093307 0.149850 -0.005594 0.115138 -0.225470 -0.126870 0.194645 0.070481 -0.004402 0.143134 -0.038203 0.005638 -0.540167 0.901702 0.366965 -0.729962 -0.553200 0.553050 -0.368301 0.555589 0.559590 -0.560991 -0.561084 0.566482 -0.188917 0.009765 
-0.001217 -0.001368 -0.008568 0.046929 0.003086 -0.097950 -0.206296 0.156888 0.114937 0.060025 0.000374 -0.144930 0.142383 0.439454 -0.442498 -0.076252 -0.076417 0.213767 0.000376 -0.372923 -0.935240 0.748599 -0.000117 0.000041 -0.001968 0.379575 0.190067 0.190745 -0.000083 -0.574229 -0.000358 0.417283 
0.002744 -0.008791 0.000040 0.056719 -0.066107 0.150166 -0.117461 0.240141 -0.060885 -0.137254 -0.145601 0.070601 0.148783 -0.076843 -0.160501 0.243853 -0.166716 0.168490 -0.411925 0.548557 0.000059 0.000733 0.384894 -0.385325 -0.579889 0.581114 -0.581749 0.582645 -0.584013 0.195804 -0.195591 0.592447 
-0.003399 0.013363 -0.017805 0.002567 -0.030808 0.074676 -0.055291 0.070882 -0.075521 0.076639 0.160256 0.244340 -0.245902 -0.251772 0.001764 0.086280 -0.180157 0.181761 -0.183373 0.222230 -0.394339 0.394407 -0.394923 0.593935 -0.396282 -0.396589 -0.397232 0.198772 0.397405 0.398755 -0.398989 0.429365 
-0.002142 0.000449 -0.040040 0.117164 -0.150437 0.026066 0.027161 -0.001169 -0.002975 0.056874 -0.144995 0.179243 -0.083381 -0.004121 0.098580 -0.194223 0.288066 -0.095076 -0.098936 -0.002743 0.017724 -0.784202 0.810377 -0.810572 -0.203649 0.609807 0.203488 -0.610440 0.406894 -0.203913 1.018950 -1.244792 
0.000590 0.011591 -0.023720 -0.024290 0.021958 0.038382 -0.000879 -0.062449 -0.177542 0.130077 -0.135680 0.327244 0.000620 0.000434 -0.423258 0.000645 0.320529 -0.104415 -0.109985 -0.109879 -0.221332 0.724615 -0.415989 0.000009 -0.000180 -0.208305 0.416489 -0.000082 -1.041918 0.417038 -0.417167 1.280339 
-0.002665 -0.001898 0.020281 0.033712 0.064333 -0.018269 0.271469 -0.097971 0.296274 -0.304701 0.156081 -0.377448 0.000500 0.241963 -0.458533 -0.235816 -0.476170 0.118887 0.119963 0.120182 0.362627 0.364713 -0.087669 0.226368 0.853528 -0.000054 1.067394 -1.280997 0.427001 -0.854288 -0.427328 0.215276 
-0.060893 0.072307 -0.098141 0.102449 -0.076216 0.088220 -0.099729 0.129068 -0.328669 0.332387 -0.134088 0.135324 -0.341514 0.348989 -0.348341 0.400304 -1.061039 1.061602 -0.665959 0.666198 -0.664025 0.665412 -0.665439 0.722832 -1.094423 1.094465 -1.094550 1.094571 -1.094588 1.094692 -1.094594 1.120554 
0.006451 0.004032 0.048445 0.057001 0.095186 0.136513 -0.141328 0.073220 -0.037666 -0.167045 -0.215450 -0.094049 -0.166815 -0.423007 0.340006 -0.085159 0.603740 -0.353783 0.430808 0.736537 0.147454 0.442370 -0.885129 -0.590624 -0.007727 -0.438294 -0.897764 -1.122244 1.122258 0.000004 1.346765 -0.449576 
-0.000735 0.000619 -0.090213 0.091459 0.047022 -0.047687 0.055180 -0.054908 0.000072 0.000434 0.000276 -0.000601 0.060455 -0.060128 0.000017 0.000149 -0.000052 -0.000103 0.000016 -0.000029 0.000002 0.000011 0.000013 -0.000022 -0.000008 0.000834 0.000000 0.000001 -0.000000 -0.000001 0.000000 0.000694 
-0.011195 -0.009554 0.001963 -0.123283 0.045666 0.072548 0.079416 0.188315 0.194312 0.000256 -0.403431 -0.179192 0.363433 -0.511551 -0.341680 0.599690 0.086448 0.502199 0.513994 -0.128560 -0.899890 0.264030 -0.009949 -1.071707 0.000003 0.714491 0.355987 0.905043 0.944254 -0.236064 -1.888509 1.180988 
-0.014991 0.026170 -0.027850 0.027967 -0.015660 0.031610 -0.146926 0.151380 -0.137662 0.159022 -0.054923 0.055032 -0.225614 0.245919 -0.495690 0.495970 -0.323344 0.346609 -0.000037 0.000039 -0.437672 0.459793 -0.920109 0.920113 -0.572026 0.586152 -0.000000 0.000000 -0.722815 0.726346 -1.210584 1.210584 
-0.006017 0.031734 -0.031935 0.035234 -0.015569 0.009940 -0.085990 0.032379 -0.000728 0.105284 0.004523 -0.242192 -0.080008 0.214586 -0.090571 0.008194 -0.001998 0.129634 -0.366718 0.367064 -0.984607 1.049359 -1.059165 0.317396 -0.180204 0.173012 -0.600757 0.638949 -0.641012 -0.730978 0.745007 -0.745171 
0.009412 -0.017361 0.023893 -0.057167 0.071081 -0.047172 0.091845 -0.140710 0.121904 -0.098100 0.105639 -0.126971 0.133563 -0.157876 0.163752 -0.382557 0.388485 -0.450165 0.455812 -0.260160 0.271033 -0.149088 0.169279 -0.167972 0.197722 -0.187991 0.223556 -0.209136 0.241378 -0.231382 0.257848 -0.254722 
0.007382 -0.012828 -0.055302 0.100291 -0.012803 -0.034556 -0.075591 0.068690 -0.003528 -0.132378 -0.152455 0.050117 -0.140584 -0.537675 0.230407 -0.180661 -0.621892 -0.255285 -0.364460 -0.555842 -0.730796 -0.781974 -0.518708 -0.872685 -0.755667 -1.162292 -0.651495 -1.483231 -0.716879 -1.411305 -1.485352 -1.309936 
-0.017491 -0.029149 0.026130 0.085911 -0.049967 -0.088292 0.036316 0.079247 0.190645 0.167150 -0.135399 0.028361 0.455658 0.420034 0.215952 0.289778 0.541546 0.850779 0.468584 0.674534 0.675804 0.994554 0.654864 0.975643 1.113033 0.925353 1.204945 0.976482 1.285100 1.023709 1.202410 1.238508 
-0.004816 0.040821 -0.061201 0.018608 0.017377 0.004803 -0.129215 0.073403 -0.005686 -0.057711 0.120889 0.006234 0.164341 -0.296769 -0.165839 0.185601 -0.413375 -0.002880 -0.128862 0.258378 -0.662395 0.265675 -0.171948 -0.325112 0.020780 -0.187326 -0.013166 -0.425204 0.468355 -1.163828 0.017501 -0.775134 
-0.005138 0.029867 -0.039438 0.026336 -0.030967 0.025152 0.008304 -0.110278 0.126798 -0.094778 0.053000 -0.000501 -0.068633 -0.013398 0.086528 -0.280275 0.622590 -0.641980 0.087832 0.127252 -0.150548 0.294919 -0.315822 0.181349 -0.182732 0.590384 -0.604352 -0.225022 0.224049 -0.250025 0.252191 -0.261672 
-0.011036 0.005330 -0.069535 0.048274 -0.048601 0.155520 -0.069147 0.102985 -0.153274 0.108585 -0.271370 0.357629 -0.143243 0.078559 -0.160919 -0.198739 0.316611 -0.108553 -0.021202 -0.135041 0.136047 -0.159440 -0.168269 0.169244 -0.351930 0.528461 -0.205958 0.205973 -0.224235 -0.002746 0.000000 0.000000 
0.002854 -0.012031 0.050786 -0.032637 0.036915 0.041331 -0.103285 -0.157157 0.039260 0.169040 -0.187390 0.200393 0.206182 -0.136052 -0.143934 -0.105719 -0.310256 0.517292 -0.110723 -0.129435 0.430039 -0.286707 0.001080 -0.174662 -0.754826 0.566120 0.377438 -0.219086 0.958867 -0.479434 -0.239716 -0.241834 
0.007971 -0.004389 -0.024878 0.012295 0.012128 -0.066137 0.145123 -0.110867 0.080210 -0.088385 0.117994 -0.131172 -0.000884 0.000833 -0.001041 0.004924 -0.231917 0.238674 -0.238773 0.358155 -0.496551 0.109453 -0.171603 0.172225 0.000016 -0.000131 -0.190762 -0.469914 0.701186 -0.701186 0.701187 -0.701291 
0.004356 -0.009325 0.019522 -0.011809 -0.008840 -0.001291 -0.061019 -0.051501 0.192722 -0.048105 0.052994 -0.208495 0.273478 -0.081890 -0.194327 0.194504 -0.195102 0.195289 0.110231 -0.262819 0.313172 -0.313176 0.313279 -0.313279 0.313912 -0.319105 -0.227909 0.227909 -0.227911 0.227911 0.455831 -0.458721 
-0.002223 -0.012404 0.074365 -0.044723 0.046193 0.057167 -0.064652 -0.032949 0.037106 0.017063 -0.294297 -0.000458 -0.078571 0.078625 0.315007 -0.158296 0.226667 -0.249412 0.141583 -0.141473 0.283124 -0.000097 0.142006 -0.570029 0.559427 -0.434953 -0.444466 0.222221 -0.444471 0.444493 0.222259 -0.000060 
-0.000293 0.029665 -0.024546 0.013912 -0.038978 0.017349 -0.024590 0.052789 -0.168626 0.056124 0.059876 0.122191 0.062245 -0.126694 -0.095340 -0.121990 -0.126894 0.127128 0.382088 0.000763 0.000140 -0.384968 0.126526 -0.202768 0.000006 -0.216700 0.000029 -0.216858 1.083911 -0.216799 -0.216834 -0.240913 
-0.005036 -0.002330 -0.002713 0.028801 0.004739 0.033840 -0.156229 0.133508 -0.140403 0.048476 0.096618 -0.099791 0.056251 0.105092 -0.112108 0.113651 0.112715 -0.113365 0.230213 -0.464057 0.232702 0.000006 -0.164553 0.209969 0.211224 -0.211325 -0.422539 0.422732 -0.422878 0.423056 -0.000024 0.000647 
-0.025011 0.065429 -0.031317 -0.055209 0.056887 0.000998 0.000123 -0.094089 0.098797 -0.023971 0.033496 0.063182 -0.188987 0.189518 -0.193325 0.193733 -0.299029 0.300547 -0.304321 0.305386 -0.095155 0.205686 -0.206454 0.206507 -0.206528 0.206650 -0.206672 0.206825 -0.206806 0.207040 -0.206997 0.214867 
-0.010103 -0.008456 -0.002010 -0.117456 -0.004854 0.053024 0.052952 0.058187 -0.054075 0.080148 0.424777 0.257999 -0.170946 -0.348086 -0.096076 0.098837 -0.469920 -0.283516 0.476674 0.104469 -0.136432 0.196902 0.601683 0.401270 -1.204542 -0.000433 -0.402341 -1.008560 0.403430 -0.000064 1.009744 0.202529 
0.007551 -0.011959 0.016703 0.021001 -0.041161 0.082403 0.156224 0.112922 0.131693 0.144260 0.072349 0.002028 -0.001738 -0.082667 -0.000206 -0.000629 -0.344004 -0.265683 0.104275 0.221520 -0.584260 -0.390285 -0.391172 0.000490 -0.196489 0.393594 -0.393046 -0.196781 0.196925 0.790371 -0.197349 1.048328 
-0.001934 0.002474 0.011309 -0.010798 -0.035307 -0.004141 0.057317 -0.057607 -0.005789 -0.000417 0.139746 -0.139247 -0.076968 0.072118 0.002432 -0.001648 0.001455 -0.003963 -0.045911 -0.002620 -0.189962 0.189952 -0.000797 -0.000472 0.384091 -0.384373 0.192793 -0.193789 -0.000031 0.000143 0.193623 -0.194288 
0.001975 -0.006051 0.022140 -0.061059 0.087920 0.092157 -0.094096 -0.045220 -0.000152 -0.054501 0.063035 -0.010726 -0.066648 0.287165 -0.218114 0.219114 -0.133026 -0.119386 -0.184256 0.184794 -0.369561 0.554785 0.188371 0.000600 -0.374672 0.186387 -0.189577 -0.378978 0.569776 -0.570465 0.570911 -0.192791 
0.024602 -0.066689 0.173236 -0.186284 0.147010 -0.152701 0.106652 -0.113558 0.230414 -0.233643 0.124682 -0.128991 0.321434 -0.323818 0.146866 -0.145605 0.610030 -0.704975 0.707716 -0.893163 0.539017 -0.357081 0.721319 -0.723138 0.362861 -0.363667 0.364641 -0.366353 0.551099 -0.553981 0.371525 -0.377687 
-0.000279 -0.021969 -0.036688 0.031672 0.194774 -0.165843 -0.004326 -0.050652 0.145525 -0.002022 0.164773 -0.376362 0.105953 0.000210 0.134637 -0.404481 0.686876 -0.859059 0.692416 -1.052795 0.704582 -0.354202 1.071441 -0.895518 -0.181081 -0.182369 0.905354 -0.001638 -0.182623 -0.185044 0.370295 -0.604195 
-0.000212 -0.006171 0.005600 -0.048073 0.077010 -0.079568 0.041522 -0.042140 0.095703 -0.048246 0.106921 -0.051683 0.053555 -0.166904 -0.014194 0.002236 -0.167776 0.168148 -0.169666 0.169600 0.169220 -0.171626 0.173011 -0.175797 0.530675 -0.354089 0.361133 -0.721886 0.362204 -0.181464 0.545848 -0.546788 
0.000165 0.026797 -0.016314 -0.024571 0.026274 -0.084228 0.112480 0.046861 0.047248 -0.140399 -0.001502 -0.049366 0.003608 0.080695 -0.161414 -0.323281 0.486153 -0.165990 0.163643 -0.165506 0.498080 0.000819 -0.170021 0.171778 0.180172 -0.710611 0.177636 -0.179301 0.000376 -0.179702 0.179960 0.192915 
0.012370 -0.037479 0.026233 -0.036284 0.057645 -0.061636 0.124396 -0.165489 0.097205 -0.142595 0.237818 -0.195783 -0.290996 0.308555 -0.153808 0.154149 -0.484500 0.488403 -0.161246 -0.165067 0.163311 0.000720 0.168901 0.000424 -0.343997 -0.000382 -0.000104 0.350001 0.178669 -0.358639 0.358829 -0.176620 
0.001963 0.000506 0.006038 -0.028989 0.025405 -0.001878 -0.024296 0.053821 -0.000050 -0.103005 0.008252 0.317188 -0.001039 -0.001886 0.300851 0.464990 -0.778593 0.474353 -0.480136 0.158770 -0.163506 -0.166500 0.330289 -0.334853 0.672846 -0.168115 -0.515943 0.696668 -0.524969 -0.356321 -0.184274 0.587756 
0.004142 0.007362 -0.002425 0.013783 -0.004051 0.017411 -0.010396 0.025097 -0.056129 0.070908 0.400954 -0.400763 0.568384 -0.580208 0.745400 -0.756447 0.770987 -0.781609 0.793645 0.162582 -0.162028 -0.809617 0.817118 -0.660494 0.665304 -0.837885 0.848257 -0.856528 0.868011 -0.876084 0.892048 -0.897298 
0.003332 0.005314 0.003680 -0.022642 0.016159 -0.021000 -0.102451 0.104834 0.078841 -0.117626 0.522731 -0.523691 -0.130340 0.129686 0.012169 -0.002125 0.002342 0.303470 -0.312598 0.157844 0.158018 -0.474937 -0.651603 0.663493 1.160007 -0.665187 -0.855504 0.698948 -0.525738 0.526395 -0.526642 0.353696 
-0.043605 0.045482 -0.044630 0.045909 -0.060333 0.063246 -0.072001 0.075706 -0.249767 0.250028 0.001539 -0.001633 -0.382274 0.383838 0.001010 0.001654 -0.006546 0.006804 -0.006486 0.006497 -0.006057 0.007159 -0.165339 0.166448 -0.336131 0.336729 -0.340477 0.340915 -0.514071 0.515214 -0.169806 0.171151 
-0.001452 -0.003004 -0.020969 0.027314 0.055752 -0.055904 0.074492 -0.110494 0.121568 -0.121196 0.505333 -0.002262 -0.637903 -0.514934 0.522249 0.126022 0.672146 -0.807800 0.320202 -0.467275 0.488137 0.819492 -0.991005 -0.168582 0.000813 0.000024 0.678120 0.509818 -1.196336 -0.173274 0.000083 0.379749 
-0.001102 -0.001306 -0.008982 0.005888 0.013011 -0.024378 -0.112473 0.113384 -0.354234 0.360802 -0.119105 -0.368844 0.372363 0.635149 -0.635968 0.129022 -0.401569 0.412286 -0.144981 0.143290 0.156974 -0.164684 0.330783 -0.003439 -1.007353 0.674177 -0.000531 -0.001126 0.171865 -0.172733 0.519462 -0.520010 
-0.000122 0.000516 -0.000758 0.000063 0.027916 0.075661 -0.218575 0.221076 -0.337059 0.337629 0.115267 -0.231560 0.001729 0.366345 -0.509556 0.266545 -0.140390 0.142041 0.001731 -0.289334 0.146288 0.152971 0.013376 -0.168406 0.000522 0.000087 -0.341790 0.170861 0.000382 0.172624 0.000185 0.199477 
0.000658 0.001065 -0.004208 0.007162 -0.004202 0.001131 0.102772 -0.208016 0.419215 -0.316242 0.317036 -0.330426 -0.256035 0.259999 -0.265429 0.264252 -0.405158 0.414613 -0.139210 0.587960 -0.742046 0.296783 -0.149976 0.151064 0.661691 -0.679888 0.693345 -0.520489 -0.521484 0.348384 0.174246 -0.175039 
-0.000013 -0.000183 0.101604 -0.331188 0.000233 -0.183833 0.184544 0.000074 0.515552 -0.553911 0.355861 0.121523 -0.370151 -0.121869 0.509917 -0.396163 0.136951 0.002738 0.004657 -0.146587 0.592284 -0.304761 0.154849 0.155284 -0.000098 -0.799900 0.858696 -0.176947 -0.354133 0.177064 0.354442 -0.945437 
-0.000003 0.017331 -0.150060 0.150238 -0.347918 0.351732 -0.100614 0.106398 0.017830 -0.015480 -0.121612 0.254270 -0.376098 0.250602 -0.134432 0.136101 -0.408551 0.414068 0.141519 -0.136729 -0.446532 0.447320 -0.606731 0.613421 -0.484781 0.491563 -0.332497 0.333368 -0.537116 0.180466 0.361914 0.000349 
-0.083453 0.216364 -0.155292 0.192794 -0.325176 0.331896 -0.144023 0.149944 -0.424475 0.426811 -0.188628 0.194035 -0.482186 0.485602 -0.510301 0.515323 -0.528424 0.531736 -0.682268 0.689026 -0.259270 0.262011 -0.873311 0.887482 0.155677 -0.151346 -0.489300 0.500907 -0.317131 0.335992 -0.713215 0.781230 
0.092579 -0.090637 0.237902 -0.245034 0.125140 -0.131054 0.134263 -0.138440 0.283173 -0.286735 0.144950 -0.147838 0.299069 -0.301664 0.151391 -0.154216 0.315862 -0.318735 0.157481 -0.160534 0.334003 -0.337256 0.165913 -0.169799 0.354528 -0.357972 0.183266 -0.187669 0.378771 -0.381296 0.203454 -0.198022 
-0.001617 0.120760 -0.328876 0.396029 -0.325750 0.343027 -0.471236 0.487922 -0.417846 0.428158 -0.707994 0.239046 -0.007210 0.377199 -0.250747 0.386754 -0.009240 0.014915 -1.102738 0.708207 -0.008062 0.726069 -0.432228 -0.145073 -0.780666 1.110349 -0.171289 0.204349 -1.029880 1.054117 -0.365280 0.399132 
-0.000001 -0.000944 -0.178356 0.019059 -0.085547 0.257689 0.029081 0.095587 0.217196 -0.225458 0.003867 -0.115572 -0.133758 0.017737 -0.264902 0.135172 0.275282 -0.141101 0.558018 -0.146825 0.139595 -0.281912 -0.622976 0.160174 0.000738 0.318923 -0.334657 0.357027 -0.178624 0.535835 -0.713659 0.357598 
-0.000087 -0.000757 0.009570 0.039595 -0.004228 -0.494197 0.099120 -0.099933 0.202128 0.306406 0.022806 0.370218 -0.008222 0.001740 0.129032 0.391959 -0.663550 -0.137940 -0.145314 -0.587944 -0.300370 0.301288 -0.300636 0.916950 0.006583 0.002052 0.698914 -0.349535 0.350144 -0.525659 -0.175319 0.016267 
0.000909 -0.002624 -0.001743 0.002380 -0.048363 0.082177 -0.214881 0.111615 -0.441975 0.224669 0.113114 0.456612 -0.225499 0.001842 0.135811 -0.280053 0.833958 -0.280628 0.428916 -0.575670 -0.145493 -0.148516 -0.148597 0.164705 -0.170134 -0.171093 -0.687279 0.688725 0.000362 0.000580 0.346613 -0.005897 
0.001958 -0.005810 -0.003388 0.000668 -0.032398 0.098930 0.224087 0.112918 -0.227844 -0.113828 -0.362788 0.369895 -0.124531 0.123259 -0.127531 0.517630 -0.401003 0.005559 -0.717839 0.580173 0.607128 -0.481131 0.498055 -0.833215 -0.000350 0.339340 -0.510446 -0.001854 0.516282 0.172978 -0.000006 -0.149724 
-0.000975 0.002395 -0.006486 0.004703 -0.006304 -0.007567 -0.208731 -0.164687 0.477121 -0.244000 0.006312 0.127801 -0.378397 -0.000217 -0.126089 -0.003699 0.266514 -0.267700 -0.026997 0.456881 0.472987 0.163900 -0.001089 0.500076 0.336335 -0.333536 -0.846640 0.168656 -0.686309 -0.002333 -0.177163 0.886240 
