64.000000 
1.000000 
-0.008501 -0.008501 0.013479 0.013479 -0.029523 -0.029523 0.012890 0.012890 0.008071 0.008071 -0.076365 -0.076365 0.158178 0.158178 -0.220425 -0.220425 0.200505 0.200505 -0.173790 -0.173790 -0.028856 -0.028856 -0.163231 -0.163231 0.365808 0.365808 -0.289129 -0.289129 -0.261756 -0.261756 -0.077372 -0.077372 -0.076878 0.069524 0.078626 0.171242 0.187283 0.378360 0.387541 0.418341 0.429378 0.360856 0.237233 0.259679 0.610097 0.413198 0.055211 -0.048901 0.072893 0.077286 0.074562 0.200557 0.200533 0.081798 -0.048665 0.082391 0.211573 0.215981 0.085197 0.352481 0.352481 0.356321 0.356321 0.357605 
-0.007875 -0.007875 0.002988 0.002988 -0.018839 -0.018839 0.013643 0.013643 0.024278 0.024278 0.006594 0.006594 0.074702 0.074702 -0.167404 -0.167404 0.090528 0.090528 0.047302 0.047302 -0.046824 -0.046824 0.054636 0.054636 -0.101596 -0.101596 0.448017 0.448017 -0.419783 -0.419783 0.032276 0.032276 -0.024067 -0.316872 -0.316967 -0.263181 -0.386729 -0.319749 -0.303865 -0.224006 0.094054 0.382419 -0.049686 -0.038463 0.064444 -0.034006 0.206558 0.097599 -0.267540 -0.149339 0.096866 0.100763 -0.026829 -0.023466 0.105716 0.108513 -0.022258 -0.020054 0.111677 0.113267 0.113588 -0.018464 -0.018464 -0.018464 
-0.001176 -0.001176 -0.001046 -0.001046 -0.002210 -0.002210 0.023072 0.023072 0.025286 0.025286 -0.023671 -0.023671 -0.006372 -0.006372 0.004256 0.004256 -0.065222 -0.065222 0.324352 0.324352 -0.290055 -0.290055 0.119634 0.119634 0.349796 0.349796 -0.395005 -0.395005 0.397599 0.397599 -0.013065 -0.013065 0.064546 -0.081856 -0.087859 -0.260147 -0.388904 -0.414289 -0.186424 -0.211064 -0.231118 -0.156682 -0.251676 -0.164806 -0.167148 -0.395577 -0.159796 0.048428 -0.308466 -0.317253 -0.197066 -0.204860 -0.077562 -0.209750 -0.337688 -0.346079 -0.346400 -0.222550 -0.222550 -0.225729 -0.225729 -0.227649 -0.227649 -0.228291 
-0.002346 -0.002346 0.019302 0.019302 -0.005748 -0.005748 0.022149 0.022149 -0.016948 -0.016948 -0.036024 -0.036024 0.071990 0.071990 -0.127209 -0.127209 0.188930 0.188930 -0.107887 -0.107887 -0.052196 -0.052196 0.103691 0.103691 0.013869 0.013869 -0.182108 -0.182108 0.225506 0.225506 -0.153748 -0.153748 -0.007616 -0.227220 -0.235551 -0.175293 -0.278874 -0.119528 -0.012707 0.079472 -0.032256 -0.026342 0.088053 0.197369 0.314649 0.325159 0.208172 0.104060 0.225519 -0.006488 -0.005528 -0.009426 -0.009105 -0.137930 -0.137930 -0.143524 -0.143524 -0.147932 -0.147932 -0.151111 -0.151111 -0.153031 -0.153031 -0.153673 
0.014168 0.014168 -0.021098 -0.021098 0.050354 0.050354 -0.032164 -0.032164 0.007670 0.007670 0.001829 0.001829 -0.070068 -0.070068 0.037735 0.037735 -0.142469 -0.142469 -0.064772 -0.064772 0.235851 0.235851 -0.182982 -0.182982 -0.205976 -0.205976 0.087140 0.087140 -0.163613 -0.163613 -0.005610 -0.005610 -0.070972 0.148632 0.251507 0.270922 -0.030410 -0.183409 -0.092409 -0.270606 -0.380057 -0.189785 0.139855 0.352876 0.022527 0.147251 0.028057 0.161255 0.406249 0.782819 0.659672 0.568752 0.696372 0.468993 0.469953 0.483939 0.484260 0.364818 0.364818 0.371176 0.371176 0.375016 0.375016 0.376300 
-0.017338 -0.017338 0.041149 0.041149 -0.005622 -0.005622 0.022988 0.022988 -0.021419 -0.021419 0.061372 0.061372 0.076894 0.076894 -0.125168 -0.125168 0.237055 0.237055 0.049338 0.049338 0.008548 0.008548 0.171528 0.171528 0.273636 0.273636 -0.102627 -0.102627 0.396358 0.396358 0.451439 0.451439 -0.051045 -0.417050 0.298010 0.106307 -0.074882 -0.205325 -0.403032 -0.544491 -0.244830 -0.396151 -0.377288 -0.433403 -0.429597 -0.700065 -0.932779 -0.990949 -0.756325 -0.927249 -0.926289 -0.976954 -0.847451 -1.016637 -1.275000 -1.314161 -1.184980 -1.215836 -1.083784 -1.238092 -1.370144 -1.251531 -1.251531 -1.256025 
0.000424 0.000424 -0.022327 -0.022327 0.043548 0.043548 -0.063190 -0.063190 0.025229 0.025229 -0.004757 -0.004757 -0.112023 -0.112023 0.119955 0.119955 -0.035990 -0.035990 -0.160062 -0.160062 0.295675 0.295675 -0.306632 -0.306632 0.152370 0.152370 -0.489858 -0.489858 0.167793 0.167793 -0.029006 -0.029006 0.128648 0.275050 -0.056089 0.195872 0.273265 0.391015 0.384081 0.144504 0.257925 0.471854 0.359109 0.387167 0.499800 0.417115 0.417732 0.323316 0.564846 0.223425 -0.023740 -0.023740 -0.025651 0.099810 0.228992 0.231789 0.233379 0.235583 0.103852 0.105441 0.105120 0.239093 0.239093 0.239735 
0.002178 0.002178 -0.010193 -0.010193 0.014088 0.014088 0.026639 0.026639 -0.024122 -0.024122 0.034055 0.034055 0.004706 0.004706 0.047606 0.047606 -0.098105 -0.098105 -0.064889 -0.064889 0.229922 0.229922 -0.123123 -0.123123 -0.084961 -0.084961 0.362460 0.362460 -0.336243 -0.336243 0.151058 0.151058 -0.041258 -0.260862 -0.006733 -0.185493 -0.544348 -0.490061 -0.297186 -0.229647 -0.228809 -0.148458 -0.250162 -0.053976 -0.049479 -0.049479 -0.170825 -0.170825 -0.048556 0.069645 -0.055743 -0.051846 0.075132 0.078496 0.079455 0.082253 0.082574 -0.045685 -0.045685 -0.045685 -0.045685 -0.045685 -0.045685 -0.045685 
-0.012323 -0.012323 0.029636 0.029636 -0.051856 -0.051856 0.075568 0.075568 -0.090535 -0.090535 0.087964 0.087964 -0.206504 -0.206504 0.146517 0.146517 -0.261720 -0.261720 0.245115 0.245115 -0.377363 -0.377363 0.104649 0.104649 -0.145612 -0.145612 -0.098673 -0.098673 -0.333232 -0.333232 0.260369 0.260369 -0.662078 -0.149670 0.455294 0.580268 0.132713 0.183483 0.514258 0.471358 0.141607 0.281100 0.607687 0.652579 0.653999 0.587078 0.470170 0.504103 0.252373 0.283128 0.656164 0.683445 0.431046 0.705513 0.835334 0.988767 0.727224 0.749265 1.143511 0.895303 0.629921 0.637600 0.903625 0.639526 
0.011182 0.011182 -0.014872 -0.014872 0.035340 0.035340 -0.043190 -0.043190 0.028409 0.028409 -0.041364 -0.041364 0.153833 0.153833 -0.088372 -0.088372 0.101621 0.101621 0.049271 0.049271 0.008479 0.008479 -0.020865 -0.020865 0.496917 0.496917 -0.071516 -0.071516 0.015861 0.015861 0.141008 0.141008 0.254494 0.181293 -0.222434 -0.388251 0.393958 0.288900 -0.097338 -0.214156 -0.452698 -0.580362 -0.132559 -0.373637 -0.492929 -0.426009 -0.179561 -0.327301 -0.690041 -0.843390 -0.719913 -0.632891 -0.632891 -0.659798 -0.788696 -0.811073 -0.811715 -0.568422 -0.568422 -0.577960 -0.577960 -0.583720 -0.583720 -0.585646 
-0.011222 -0.011222 -0.007219 -0.007219 -0.031389 -0.031389 0.015954 0.015954 0.016790 0.016790 -0.097411 -0.097411 0.065967 0.065967 0.001024 0.001024 -0.092102 -0.092102 0.050196 0.050196 -0.116821 -0.116821 -0.052427 -0.052427 -0.139608 -0.139608 0.071259 0.071259 -0.053853 -0.053853 -0.217072 -0.217072 -0.123034 0.242972 0.230201 0.182886 0.078179 0.017545 0.123477 0.234135 0.236985 0.358735 0.014806 -0.060841 0.517764 0.647743 0.172942 0.197180 0.315953 0.219720 0.469349 0.607036 0.357716 0.374533 0.245953 0.516456 0.644715 0.529681 0.529681 0.539219 0.539219 0.544979 0.544979 0.546905 
0.004128 0.004128 0.002974 0.002974 0.003158 0.003158 0.022649 0.022649 0.004921 0.004921 0.071879 0.071879 -0.071876 -0.071876 0.087281 0.087281 0.046083 0.046083 -0.072946 -0.072946 0.189801 0.189801 0.040747 0.040747 0.156682 0.156682 0.112450 0.112450 0.050962 0.050962 0.467425 0.467425 0.043940 -0.322066 -0.140900 -0.252931 -0.375986 -0.500083 -0.295190 -0.246131 -0.260680 -0.394258 -0.155089 -0.298075 -0.638106 -0.680145 -0.683939 -0.722720 -0.601089 -0.636237 -0.760739 -0.669819 -0.670779 -0.694323 -0.694644 -0.585966 -0.585966 -0.599190 -0.599190 -0.608728 -0.608728 -0.614488 -0.614488 -0.616414 
0.000928 0.000928 -0.013240 -0.013240 0.015219 0.015219 -0.027147 -0.027147 0.057285 0.057285 -0.027026 -0.027026 0.077180 0.077180 -0.121159 -0.121159 -0.065891 -0.065891 0.215880 0.215880 -0.236395 -0.236395 0.277043 0.277043 -0.088462 -0.088462 0.087312 0.087312 -0.100866 -0.100866 -0.099622 -0.099622 -0.185755 -0.258957 -0.161100 -0.087899 -0.092064 0.079974 0.070294 0.174792 0.502807 0.324363 -0.004937 -0.103030 -0.106763 0.002197 0.239849 0.244696 0.124531 0.010723 -0.111445 -0.233543 -0.240025 -0.117927 -0.119208 0.009051 0.008730 0.141397 0.141397 0.144576 0.144576 0.146496 0.146496 0.147138 
0.008859 0.008859 -0.002346 -0.002346 0.020815 0.020815 -0.058198 -0.058198 0.018201 0.018201 -0.029076 -0.029076 0.027970 0.027970 -0.087294 -0.087294 0.045908 0.045908 0.050991 0.050991 -0.164266 -0.164266 -0.063305 -0.063305 0.258699 0.258699 0.005700 0.005700 -0.538258 -0.538258 0.122534 0.122534 -0.282077 -0.208876 0.077769 0.004568 -0.081535 0.090503 -0.115489 -0.103169 0.115189 0.225111 -0.000857 0.015977 0.132359 0.366042 0.365324 0.389562 0.389893 0.411860 0.411543 0.186833 0.186512 0.322064 0.322064 0.333253 0.333253 0.342069 0.342069 0.348427 0.348427 0.352267 0.352267 0.353551 
-0.010439 -0.010439 0.024992 0.024992 -0.046544 -0.046544 0.059409 0.059409 -0.053688 -0.053688 0.029058 0.029058 0.117393 0.117393 -0.213753 -0.213753 0.234047 0.234047 0.064091 0.064091 -0.232106 -0.232106 0.316255 0.316255 -0.137327 -0.137327 -0.091761 -0.091761 0.165568 0.165568 0.143594 0.143594 0.070463 0.070463 0.163071 0.003725 -0.104303 -0.116996 0.091974 -0.289061 -0.508004 -0.445396 -0.443617 -0.471675 -0.479052 -0.505327 -0.621980 -0.304796 -0.182527 -0.073113 -0.197293 -0.201191 -0.202151 -0.205514 -0.077577 -0.080374 -0.208632 -0.080374 -0.080374 -0.080374 -0.080374 -0.080374 -0.080374 -0.080374 
-0.012219 -0.012219 0.024328 0.024328 -0.032865 -0.032865 0.066939 0.066939 -0.086898 -0.086898 0.097006 0.097006 -0.052859 -0.052859 0.007959 0.007959 0.029046 0.029046 0.110615 0.110615 0.056115 0.056115 0.200928 0.200928 0.125759 0.125759 -0.061251 -0.061251 0.227154 0.227154 0.050752 0.050752 0.415490 0.269088 0.023765 -0.068851 -0.087490 -0.192547 -0.018426 -0.227424 -0.198180 -0.037479 -0.159231 -0.389087 -0.043086 -0.292535 -0.404204 -0.442985 -0.565884 -0.719234 -0.595692 -0.752866 -0.626765 -0.660400 -0.785540 -0.813512 -0.813512 -0.835553 -0.835553 -0.851450 -0.851450 -0.861049 -0.861049 -0.864259 
-0.018628 -0.018628 0.028876 0.028876 -0.066801 -0.066801 0.098197 0.098197 -0.106691 -0.106691 0.055639 0.055639 0.030942 0.030942 0.102927 0.102927 0.103186 0.103186 -0.325635 -0.325635 0.173318 0.173318 -0.034890 -0.034890 0.290665 0.290665 -0.371529 -0.371529 0.130470 0.130470 0.316311 0.316311 -0.048695 -0.268299 -0.063754 -0.162842 -0.155775 -0.009122 0.069664 0.057345 0.312983 0.104968 -0.449763 -0.472209 -0.359337 -0.380356 -0.262489 -0.054265 -0.051752 -0.060539 -0.181995 -0.311888 -0.189175 -0.324727 -0.454869 -0.466058 -0.336876 -0.345692 -0.344423 -0.218730 -0.350782 -0.220650 -0.220650 -0.221292 
0.006981 0.006981 -0.056870 -0.056870 0.070781 0.070781 -0.119065 -0.119065 0.185640 0.185640 -0.200952 -0.200952 0.157815 0.157815 -0.095104 -0.095104 -0.102175 -0.102175 0.249509 0.249509 -0.103784 -0.103784 -0.124980 -0.124980 0.048787 0.048787 0.340107 0.340107 0.020746 0.020746 -0.478682 -0.478682 0.144765 0.071564 -0.084691 -0.250508 -0.356167 -0.203168 0.098733 0.184752 -0.218857 -0.120764 -0.026925 -0.021314 0.104211 0.109466 -0.024622 -0.133582 -0.129736 -0.011535 0.114492 0.240487 0.113831 -0.004904 0.124278 0.127075 -0.003067 -0.000863 -0.001184 0.132458 0.132458 0.134378 0.134378 0.135020 
0.003341 0.003341 -0.009742 -0.009742 -0.001578 -0.001578 -0.024921 -0.024921 0.054478 0.054478 -0.029724 -0.029724 0.048905 0.048905 -0.039909 -0.039909 0.008796 0.008796 -0.045620 -0.045620 -0.248924 -0.248924 0.126297 0.126297 -0.068759 -0.068759 0.019855 0.019855 -0.325289 -0.325289 0.097828 0.097828 -0.005563 0.067638 -0.293583 -0.207438 0.502631 0.601343 -0.244203 -0.410081 0.142292 0.148206 0.149290 0.362311 -0.209155 -0.193390 0.154677 0.169220 0.292013 0.659796 0.291709 0.192995 0.445406 0.587685 0.458824 0.347349 0.478120 0.489140 0.357409 0.365357 0.498049 0.502849 0.369836 0.504775 
-0.007915 -0.007915 0.040568 0.040568 -0.074030 -0.074030 0.061912 0.061912 -0.119036 -0.119036 0.202515 0.202515 -0.235588 -0.235588 0.228226 0.228226 -0.306083 -0.306083 0.109612 0.109612 0.172982 0.172982 -0.374958 -0.374958 0.194556 0.194556 0.004158 0.004158 -0.072533 -0.072533 -0.317065 -0.317065 0.020140 0.093341 0.082260 0.168404 -0.012002 -0.171347 -0.069807 0.298908 0.187693 0.113257 0.224546 0.241380 0.243394 0.150200 0.029383 0.039078 0.286096 0.294884 0.041704 0.049499 0.181010 0.313199 0.054514 0.191165 0.452078 0.460894 0.329484 0.203790 0.336481 0.339361 0.206349 0.340645 
-0.005029 -0.005029 0.020286 0.020286 -0.029552 -0.029552 0.045057 0.045057 0.008758 0.008758 -0.062123 -0.062123 -0.034660 -0.034660 0.034426 0.034426 0.008023 0.008023 -0.158872 -0.158872 0.101821 0.101821 0.072225 0.072225 -0.191610 -0.191610 0.099275 0.099275 -0.134326 -0.134326 -0.047435 -0.047435 -0.073184 0.073218 -0.124004 -0.190733 0.205819 0.212165 -0.188369 0.002149 0.201822 0.121472 0.119744 0.027262 -0.207017 -0.092802 0.265079 0.274774 -0.089771 0.037217 0.033707 0.045399 0.043797 0.304810 0.432748 0.446734 0.318475 0.459958 0.459958 0.469496 0.469496 0.475256 0.475256 0.477182 
-0.004614 -0.004614 -0.006466 -0.006466 -0.005235 -0.005235 0.040392 0.040392 -0.024965 -0.024965 0.029724 0.029724 -0.085919 -0.085919 0.132066 0.132066 -0.115370 -0.115370 0.285076 0.285076 -0.126089 -0.126089 0.131850 0.131850 0.124959 0.124959 -0.056742 -0.056742 -0.005837 -0.005837 0.469811 0.469811 -0.023591 -0.096792 0.184641 0.018824 -0.299063 -0.404120 0.124084 0.191623 -0.128312 -0.342241 -0.357193 -0.385250 -0.146523 -0.390717 -0.507407 -0.313726 -0.310992 -0.332960 -0.335042 -0.476627 -0.477266 -0.622908 -0.623229 -0.514551 -0.514551 -0.527775 -0.527775 -0.537313 -0.537313 -0.543073 -0.543073 -0.544999 
-0.006292 -0.006292 0.016466 0.016466 -0.031304 -0.031304 0.038934 0.038934 -0.061434 -0.061434 0.055634 0.055634 0.028932 0.028932 0.092043 0.092043 0.046793 0.046793 0.047790 0.047790 0.127286 0.127286 0.004886 0.004886 0.046152 0.046152 0.416537 0.416537 -0.007794 -0.007794 0.067410 0.067410 0.222804 0.003201 0.163092 -0.095341 -0.184851 -0.394967 -0.174209 -0.223488 -0.652554 -0.601774 -0.272307 -0.415293 -0.650544 -0.801543 -0.562250 -0.492071 -0.488277 -0.523426 -0.647854 -0.679032 -0.551733 -0.704102 -0.833284 -0.858459 -0.728317 -0.748154 -0.747833 -0.894192 -0.894192 -0.903792 -0.903792 -0.907002 
0.000340 0.000340 0.024924 0.024924 -0.023268 -0.023268 0.075137 0.075137 -0.159689 -0.159689 0.129423 0.129423 -0.070295 -0.070295 0.000540 0.000540 0.000166 0.000166 -0.145942 -0.145942 0.030974 0.030974 0.149187 0.149187 -0.336371 -0.336371 -0.057993 -0.057993 0.133973 0.133973 -0.174652 -0.174652 0.312851 0.312851 -0.537985 -0.378640 0.208144 0.306855 -0.210908 -0.100249 0.308818 0.430568 0.444241 0.264889 0.145692 0.161457 0.168036 0.296386 0.292314 0.428089 0.427141 0.202432 0.329409 0.339500 0.211562 0.219954 0.219633 0.356707 0.356707 0.363066 0.363066 0.366906 0.366906 0.368190 
0.000183 0.000183 -0.001235 -0.001235 0.001922 0.001922 -0.003412 -0.003412 0.005055 0.005055 -0.075857 -0.075857 -0.003015 -0.003015 0.029822 0.029822 0.102338 0.102338 -0.166915 -0.166915 0.128037 0.128037 -0.026826 -0.026826 0.035018 0.035018 -0.165849 -0.165849 0.002178 0.002178 0.053554 0.053554 -0.005054 -0.151456 -0.250950 -0.263893 -0.254814 -0.095469 -0.112912 -0.112912 0.009951 0.108044 -0.340601 -0.023875 0.548758 0.569778 0.213687 0.005463 0.125804 0.016390 0.016069 0.142064 0.013497 0.020224 0.148446 0.154040 0.022309 0.026717 0.027344 0.426680 0.293989 0.298788 0.431801 0.300073 
0.003830 0.003830 -0.004984 -0.004984 0.013917 0.013917 0.010501 0.010501 -0.025549 -0.025549 0.007698 0.007698 -0.199955 -0.199955 0.214132 0.214132 -0.092306 -0.092306 0.064369 0.064369 -0.114868 -0.114868 -0.183483 -0.183483 0.021762 0.021762 -0.078838 -0.078838 -0.144448 -0.144448 0.108939 0.108939 -0.232884 -0.086482 0.207643 0.459604 -0.119747 0.084023 0.797607 0.656368 0.003150 -0.065372 0.375689 0.398135 0.158221 0.070280 0.436067 0.450610 -0.166673 -0.153493 0.470329 0.604119 0.354566 0.368020 0.109619 0.249067 0.509668 0.781614 0.650524 0.397547 0.529600 0.401387 0.401387 0.402671 
0.005036 0.005036 0.029943 0.029943 -0.037494 -0.037494 0.072360 0.072360 -0.137421 -0.137421 0.102170 0.102170 -0.163952 -0.163952 0.223153 0.223153 -0.166863 -0.166863 0.081108 0.081108 -0.145470 -0.145470 0.264193 0.264193 -0.327636 -0.327636 0.057823 0.057823 0.225553 0.225553 -0.171543 -0.171543 0.094176 0.094176 0.296063 0.296063 -0.379023 -0.293004 0.098295 0.012276 -0.105773 -0.105773 0.005832 0.005832 -0.109302 -0.000342 0.117746 0.236401 0.236449 0.008835 0.010043 0.010043 -0.118509 -0.118509 0.010351 0.138610 0.007839 0.010043 0.141774 0.143364 0.143685 0.011632 0.011632 0.011632 
0.012101 0.012101 -0.025626 -0.025626 0.048829 0.048829 -0.017014 -0.017014 0.035973 0.035973 0.038434 0.038434 -0.102776 -0.102776 0.081172 0.081172 0.057454 0.057454 -0.171231 -0.171231 0.248659 0.248659 -0.140586 -0.140586 0.230487 0.230487 -0.056266 -0.056266 -0.003924 -0.003924 0.380907 0.380907 -0.013972 -0.013972 0.202308 0.281981 0.365734 0.028004 -0.281685 -0.300165 -0.110625 -0.324554 0.024342 0.099989 -0.238188 -0.259208 -0.010783 -0.143980 -0.387526 -0.291293 -0.161334 -0.176923 -0.434536 -0.573451 -0.319768 -0.462012 -0.461373 -0.344135 -0.343814 -0.483815 -0.483815 -0.489574 -0.489574 -0.491500 
-0.005722 -0.005722 -0.007019 -0.007019 0.012910 0.012910 -0.003399 -0.003399 0.057734 0.057734 -0.027205 -0.027205 0.003931 0.003931 0.045960 0.045960 -0.204046 -0.204046 0.212642 0.212642 -0.008167 -0.008167 -0.000397 -0.000397 0.005686 0.005686 -0.019269 -0.019269 0.336781 0.336781 -0.043597 -0.043597 -0.043701 -0.263304 -0.162200 -0.261287 -0.440173 -0.379539 -0.209546 -0.135847 -0.455716 -0.663730 -0.229667 0.059000 -0.275320 -0.280575 -0.165575 -0.170423 -0.288945 -0.056937 -0.057258 0.068738 -0.060444 -0.053717 0.204646 0.210241 -0.050672 -0.046264 0.085146 0.220378 0.087686 0.090566 0.223579 0.091208 
0.000647 0.000647 -0.013520 -0.013520 0.013107 0.013107 -0.004367 -0.004367 -0.030439 -0.030439 0.088177 0.088177 0.004192 0.004192 0.141548 0.141548 -0.150271 -0.150271 -0.006026 -0.006026 0.102075 0.102075 0.263357 0.263357 0.000867 0.000867 0.057298 0.057298 -0.066522 -0.066522 0.438268 0.438268 0.238130 -0.054674 -0.154639 -0.180526 -0.177077 -0.288481 -0.313974 -0.252595 0.079342 -0.140501 -0.255537 -0.392911 -0.494995 -0.531779 -0.535567 -0.455693 -0.331549 -0.357910 -0.482977 -0.628459 -0.500867 -0.524411 -0.653593 -0.673173 -0.674133 -0.689562 -0.557830 -0.568958 -0.701010 -0.574718 -0.574718 -0.576644 
-0.011128 -0.011128 0.026285 0.026285 -0.047251 -0.047251 0.041686 0.041686 -0.059718 -0.059718 0.070318 0.070318 -0.085162 -0.085162 0.010976 0.010976 -0.060460 -0.060460 0.118064 0.118064 -0.367975 -0.367975 0.266203 0.266203 -0.091175 -0.091175 -0.120591 -0.120591 -0.316033 -0.316033 0.261335 0.261335 -0.441542 -0.368341 0.194649 0.360466 -0.134428 -0.287427 -0.091724 -0.085564 -0.079403 0.122697 0.015508 0.239752 0.119011 0.145285 0.380472 0.404710 0.164506 0.304674 0.430371 0.575853 0.448285 0.597291 0.728677 0.751054 0.749823 0.506530 0.638582 0.516068 0.383376 0.388176 0.521188 0.389460 
0.012460 0.012460 -0.036695 -0.036695 0.043050 0.043050 -0.065238 -0.065238 0.020767 0.020767 -0.038884 -0.038884 0.081773 0.081773 -0.138830 -0.138830 0.052838 0.052838 -0.181848 -0.181848 0.194349 0.194349 -0.139273 -0.139273 -0.039673 -0.039673 0.055846 0.055846 -0.192834 -0.192834 -0.034999 -0.034999 0.029016 0.395022 0.306952 0.020619 0.007154 -0.072519 0.053647 0.145826 -0.288532 -0.086431 0.008904 0.129443 0.473492 0.276593 0.035205 0.044900 0.181887 0.427076 0.177011 0.436797 0.562233 0.331491 0.330247 0.341436 0.472528 0.350882 0.219151 0.223920 0.356611 0.359491 0.226478 0.360775 
-0.001170 -0.001170 -0.029888 -0.029888 0.044386 0.044386 -0.076864 -0.076864 0.114788 0.114788 -0.115957 -0.115957 0.206794 0.206794 -0.183251 -0.183251 0.205228 0.205228 0.047014 0.047014 -0.101940 -0.101940 -0.084151 -0.084151 0.328738 0.328738 0.012779 0.012779 -0.176757 -0.176757 0.168398 0.168398 0.036042 -0.256763 0.041047 0.015161 -0.386052 -0.411437 -0.077650 -0.010111 -0.106431 -0.124174 -0.353669 -0.266799 -0.157014 -0.058564 -0.051302 -0.056150 -0.060426 -0.183020 -0.062118 -0.192011 -0.320266 -0.581279 -0.582881 -0.340350 -0.340671 -0.216821 -0.216821 -0.220000 -0.220000 -0.221920 -0.221920 -0.222562 
0.018445 0.018445 -0.043606 -0.043606 0.079348 0.079348 -0.106207 -0.106207 0.134879 0.134879 -0.130060 -0.130060 0.078225 0.078225 -0.057333 -0.057333 0.102881 0.102881 0.099059 0.099059 -0.048457 -0.048457 -0.003368 -0.003368 -0.019142 -0.019142 0.439647 0.439647 -0.233685 -0.233685 0.165192 0.165192 -0.128850 -0.202051 0.364375 0.118886 -0.366149 -0.391534 -0.293391 -0.410210 -0.093242 0.073373 -0.354232 -0.163658 0.060002 -0.054212 -0.052940 -0.290250 -0.411388 -0.310761 -0.188985 -0.200676 -0.200355 -0.335907 -0.335907 -0.347096 -0.347096 -0.355912 -0.355912 -0.362271 -0.362271 -0.366111 -0.366111 -0.367395 
0.002857 0.002857 -0.024023 -0.024023 0.047787 0.047787 -0.094947 -0.094947 0.136914 0.136914 -0.098251 -0.098251 0.089731 0.089731 -0.098745 -0.098745 0.269739 0.269739 -0.236338 -0.236338 0.137942 0.137942 -0.067018 -0.067018 -0.001693 -0.001693 0.220565 0.220565 -0.246009 -0.246009 0.182085 0.182085 -0.002835 -0.002835 -0.017998 -0.097671 0.111001 0.104655 -0.313334 -0.411673 0.117159 0.007238 -0.314829 -0.124254 -0.240314 0.081310 0.436642 0.218723 0.099003 -0.019198 -0.017669 -0.143665 -0.145502 -0.152229 -0.152868 -0.286721 -0.287042 -0.163191 -0.163191 -0.166371 -0.166371 -0.168291 -0.168291 -0.168933 
-0.005693 -0.005693 -0.016542 -0.016542 0.006372 0.006372 -0.026069 -0.026069 0.019538 0.019538 -0.030357 -0.030357 -0.050971 -0.050971 0.045058 0.045058 -0.157770 -0.157770 0.169602 0.169602 -0.186174 -0.186174 -0.064338 -0.064338 0.145347 0.145347 -0.122243 -0.122243 -0.066920 -0.066920 -0.233444 -0.233444 0.017079 0.236682 0.093696 0.113111 -0.101361 0.003697 0.310180 0.519177 0.517268 0.356567 0.016226 -0.065032 0.398076 0.304881 0.071885 0.309195 0.063237 0.080812 0.450628 0.588315 0.464456 0.355812 0.355812 0.367001 0.367001 0.375817 0.375817 0.382176 0.382176 0.386015 0.386015 0.387300 
-0.002028 -0.002028 0.010415 0.010415 -0.013004 -0.013004 0.000173 0.000173 0.030911 0.030911 0.011201 0.011201 -0.067879 -0.067879 0.005370 0.005370 0.001311 0.001311 -0.103257 -0.103257 -0.056242 -0.056242 0.071371 0.071371 -0.212001 -0.212001 -0.123970 -0.123970 -0.172198 -0.172198 -0.063565 -0.063565 -0.020788 0.052413 0.033629 0.119773 -0.190375 -0.005644 0.298218 0.415037 -0.117189 -0.185711 0.583188 0.398225 -0.282491 0.054898 0.049502 0.301354 0.780888 0.811643 0.448127 0.353310 0.351415 0.497057 0.626877 0.774717 0.644266 0.531436 0.663167 0.674295 0.541604 0.548323 0.681336 0.550249 
-0.004195 -0.004195 0.020016 0.020016 -0.028541 -0.028541 0.044949 0.044949 -0.085306 -0.085306 0.134287 0.134287 -0.200465 -0.200465 0.129625 0.129625 -0.159061 -0.159061 0.286816 0.286816 -0.062628 -0.062628 -0.058189 -0.058189 0.075974 0.075974 -0.159684 -0.159684 0.090804 0.090804 -0.012146 -0.012146 0.186746 0.186746 -0.088442 0.070904 0.366368 0.293041 0.092098 0.006079 0.108714 -0.087472 -0.417298 -0.324816 0.116674 -0.106500 -0.340055 -0.126984 -0.129188 -0.133581 -0.008193 -0.012091 -0.139068 -0.142432 -0.013250 -0.016047 -0.146189 -0.148393 -0.148714 -0.018251 -0.018251 -0.018251 -0.018251 -0.018251 
0.017074 0.017074 -0.032156 -0.032156 0.084295 0.084295 -0.098295 -0.098295 0.114754 0.114754 -0.123697 -0.123697 -0.004906 -0.004906 0.138155 0.138155 -0.253610 -0.253610 0.338189 0.338189 -0.420381 -0.420381 0.133786 0.133786 0.059428 0.059428 -0.069257 -0.069257 -0.134556 -0.134556 0.003365 0.003365 -0.092133 0.054270 0.162383 0.095653 -0.003515 0.002832 0.224423 0.322762 -0.231835 -0.416193 0.148316 0.355725 0.121002 0.131512 0.258600 0.268295 0.272089 0.280876 -0.095670 -0.087876 0.290260 0.296987 0.297024 0.174360 0.176564 0.178768 0.179089 0.048626 0.048626 0.048626 0.048626 0.048626 
0.000540 0.000540 0.013251 0.013251 -0.012516 -0.012516 0.022922 0.022922 -0.085149 -0.085149 0.093052 0.093052 -0.082544 -0.082544 0.090811 0.090811 -0.059590 -0.059590 0.168333 0.168333 0.016455 0.016455 -0.142227 -0.142227 0.289415 0.289415 -0.176995 -0.176995 -0.054884 -0.054884 0.146598 0.146598 -0.203547 -0.423151 -0.252770 -0.272185 -0.073730 0.079269 -0.230599 -0.144580 0.068661 -0.225618 -0.449764 -0.362894 -0.127086 0.080324 -0.158567 -0.044760 0.078424 0.082818 -0.043778 -0.039880 0.086467 0.089831 0.220294 0.094832 -0.034988 -0.165451 -0.165772 -0.035309 -0.035309 -0.035309 -0.035309 -0.035309 
0.003877 0.003877 -0.033116 -0.033116 0.043989 0.043989 -0.090666 -0.090666 0.138653 0.138653 -0.153314 -0.153314 0.161169 0.161169 -0.157544 -0.157544 -0.154393 -0.154393 0.066324 0.066324 -0.434483 -0.434483 0.214991 0.214991 -0.517225 -0.517225 0.120948 0.120948 -0.318284 -0.318284 -0.201516 -0.201516 -0.655322 -0.362517 -0.002038 0.103521 -0.091144 0.284663 0.385529 0.533148 0.427396 0.584632 0.822272 0.987704 0.526250 0.589309 0.578775 0.523138 0.887226 1.053756 0.929897 0.854566 0.605087 0.893008 0.892045 1.313184 1.313184 1.348449 1.348449 1.373884 1.373884 1.389243 1.389243 1.394379 
0.006620 0.006620 -0.029489 -0.029489 0.043033 0.043033 -0.066416 -0.066416 0.020127 0.020127 0.031023 0.031023 -0.043696 -0.043696 0.232827 0.232827 -0.254099 -0.254099 0.060507 0.060507 -0.003298 -0.003298 0.067855 0.067855 0.072917 0.072917 0.003473 0.003473 -0.125823 -0.125823 0.215212 0.215212 0.006529 0.079730 0.070055 -0.003146 0.308235 0.222216 -0.104129 -0.018110 0.227459 0.031272 -0.209848 -0.013661 0.113083 0.004123 0.112141 -0.120321 -0.362951 -0.376132 -0.257482 -0.269174 -0.140943 -0.025572 -0.154433 -0.288286 -0.157515 -0.164127 -0.295858 -0.300627 -0.300948 -0.170816 -0.170816 -0.171458 
0.003476 0.003476 -0.023804 -0.023804 0.030223 0.030223 -0.075765 -0.075765 0.161505 0.161505 -0.199822 -0.199822 0.306073 0.306073 -0.301965 -0.301965 0.246259 0.246259 0.043828 0.043828 -0.101610 -0.101610 0.040288 0.040288 0.245993 0.245993 0.165756 0.165756 -0.191422 -0.191422 0.113286 0.113286 -0.029964 -0.249568 -0.170447 -0.110189 -0.027489 -0.126201 0.078185 -0.124652 -0.320037 -0.349608 -0.467912 -0.495970 -0.381912 -0.190267 -0.189316 -0.317666 -0.438804 -0.338178 -0.216401 -0.228092 -0.227771 -0.363323 -0.363323 -0.374512 -0.374512 -0.383328 -0.383328 -0.389687 -0.389687 -0.393527 -0.393527 -0.394811 
-0.013401 -0.013401 0.038908 0.038908 -0.046436 -0.046436 0.023580 0.023580 -0.061822 -0.061822 0.029820 0.029820 -0.009221 -0.009221 0.046448 0.046448 0.000508 0.000508 -0.045239 -0.045239 -0.003011 -0.003011 -0.068094 -0.068094 0.074851 0.074851 0.023493 0.023493 -0.223213 -0.223213 -0.024672 -0.024672 0.103533 0.396337 0.210408 0.076949 0.284882 0.297575 0.072348 -0.191869 0.141610 0.037603 -0.295912 -0.203430 -0.207482 -0.103777 0.136561 0.250368 0.133345 0.137738 0.012980 0.016877 0.142657 0.271481 0.401021 0.150098 0.020278 -0.110185 0.020278 -0.113364 -0.113364 -0.115284 -0.115284 -0.115926 
0.013579 0.013579 -0.019763 -0.019763 0.030207 0.030207 -0.055595 -0.055595 0.020407 0.020407 0.010625 0.010625 -0.125960 -0.125960 0.092222 0.092222 -0.197116 -0.197116 0.164671 0.164671 -0.171757 -0.171757 -0.388901 -0.388901 0.282229 0.282229 0.002318 0.002318 -0.598908 -0.598908 0.189883 0.189883 -0.312908 0.053097 0.164172 0.276202 0.265518 0.217577 0.005724 0.220881 0.649415 0.690814 0.474584 0.410160 0.294295 0.216865 0.210527 0.348572 0.589042 0.615404 0.498793 0.644275 0.517297 0.540841 0.668779 0.688359 0.688680 0.573646 0.573646 0.583184 0.583184 0.588944 0.588944 0.590870 
0.009601 0.009601 -0.003754 -0.003754 0.023410 0.023410 -0.042036 -0.042036 0.064598 0.064598 -0.106052 -0.106052 0.085490 0.085490 -0.052622 -0.052622 -0.047124 -0.047124 -0.004986 -0.004986 0.053555 0.053555 -0.066827 -0.066827 0.009996 0.009996 -0.165223 -0.165223 0.202495 0.202495 -0.140370 -0.140370 -0.292070 -0.438472 -0.075678 -0.088622 -0.386676 -0.399369 -0.282747 -0.018530 -0.134043 -0.030036 -0.026191 -0.118673 -0.358115 -0.134941 0.219068 0.347418 0.108721 0.126295 0.124385 0.262072 0.262949 0.279766 0.151186 0.421690 0.421369 0.567260 0.567260 0.579977 0.579977 0.587657 0.587657 0.590225 
0.005890 0.005890 -0.008960 -0.008960 0.003414 0.003414 0.019881 0.019881 0.014688 0.014688 -0.065700 -0.065700 -0.071886 -0.071886 0.027870 0.027870 0.048763 0.048763 -0.211300 -0.211300 0.107769 0.107769 0.133982 0.133982 -0.319878 -0.319878 0.064858 0.064858 -0.144779 -0.144779 -0.322936 -0.322936 0.016401 0.162804 0.274356 0.366972 -0.117952 -0.270951 -0.063232 0.127285 0.016555 0.230484 0.345493 0.477256 0.598584 0.630113 0.276328 0.305414 0.665887 0.692249 0.572713 0.473998 0.596738 0.237171 0.237171 0.242766 0.242766 0.247174 0.247174 0.250353 0.250353 0.252273 0.252273 0.252915 
-0.002197 -0.002197 0.001749 0.001749 -0.003575 -0.003575 0.007232 0.007232 -0.087738 -0.087738 0.067919 0.067919 -0.247721 -0.247721 0.316331 0.316331 -0.405647 -0.405647 0.234984 0.234984 -0.318234 -0.318234 0.025916 0.025916 -0.211856 -0.211856 -0.151567 -0.151567 -0.051350 -0.051350 -0.382700 -0.382700 -0.385216 -0.092411 0.080653 0.345558 0.255954 0.300378 0.205216 0.432693 0.426222 0.381357 0.378248 0.630549 0.760375 0.703964 0.331785 0.375413 0.738826 0.778368 0.529035 0.564111 0.692898 0.974092 0.845549 1.004577 1.135670 1.031656 0.899924 0.917411 0.917089 1.060661 1.060661 1.064514 
0.005989 0.005989 -0.030900 -0.030900 0.077556 0.077556 -0.107554 -0.107554 0.045628 0.045628 0.016654 0.016654 0.034372 0.034372 0.223124 0.223124 -0.195108 -0.195108 0.268547 0.268547 -0.009726 -0.009726 0.000267 0.000267 0.177328 0.177328 0.344765 0.344765 0.130754 0.130754 0.226610 0.226610 0.209395 -0.229812 -0.074273 -0.352121 -0.446635 -0.503751 -0.393685 -0.356945 -0.353232 -0.400546 -0.515649 -0.560542 -0.326446 -0.586404 -0.823700 -0.872175 -0.752948 -0.796884 -0.795676 -0.834649 -0.837125 -0.996221 -1.122963 -0.897215 -0.897536 -0.786910 -0.786910 -0.799628 -0.799628 -0.807307 -0.807307 -0.809875 
-0.013692 -0.013692 0.033092 0.033092 -0.061488 -0.061488 0.101353 0.101353 -0.015631 -0.015631 0.001782 0.001782 0.037167 0.037167 -0.078429 -0.078429 0.127205 0.127205 0.064735 0.064735 -0.180083 -0.180083 0.223531 0.223531 0.137917 0.137917 -0.312535 -0.312535 0.429503 0.429503 -0.023948 -0.023948 0.013637 -0.352369 -0.142732 -0.334435 -0.464123 -0.508547 -0.487911 -0.531030 -0.650804 -0.496018 -0.488562 -0.309211 -0.426460 -0.442225 -0.444457 -0.231385 -0.108165 -0.112558 -0.236100 -0.117899 -0.118538 -0.244000 -0.244321 -0.118859 -0.118859 -0.118859 -0.118859 -0.118859 -0.118859 -0.118859 -0.118859 -0.118859 
0.012874 0.012874 -0.011253 -0.011253 0.054471 0.054471 -0.102352 -0.102352 0.137887 0.137887 -0.130465 -0.130465 0.086786 0.086786 -0.106892 -0.106892 0.166136 0.166136 -0.180140 -0.180140 0.243380 0.243380 -0.117585 -0.117585 0.020916 0.020916 0.219394 0.219394 0.254238 0.254238 -0.260103 -0.260103 0.398549 0.691353 0.499787 0.366327 0.093990 0.020664 0.294648 0.024271 0.128940 0.019018 0.028373 -0.092166 0.025050 0.004031 -0.113595 -0.360599 -0.238868 -0.383430 -0.509448 -0.536729 -0.411020 -0.560025 -0.558781 -0.581159 -0.711621 -0.598791 -0.599112 -0.478188 -0.478188 -0.483947 -0.483947 -0.485873 
0.003438 0.003438 -0.021627 -0.021627 -0.007527 -0.007527 0.037562 0.037562 -0.113861 -0.113861 0.086047 0.086047 -0.032948 -0.032948 0.073875 0.073875 0.060952 0.060952 -0.274727 -0.274727 0.226404 0.226404 -0.008900 -0.008900 -0.107552 -0.107552 -0.027045 -0.027045 0.087814 0.087814 -0.034613 -0.034613 0.102397 -0.044005 -0.251428 -0.184699 -0.173501 -0.093828 -0.112558 0.071800 0.412752 0.424580 -0.030582 -0.226768 0.009151 0.009151 -0.117298 -0.003491 -0.006371 -0.120178 0.004250 0.004250 -0.122434 0.003027 0.002067 0.004865 -0.126558 0.006109 0.005467 0.272751 0.272751 0.276591 0.276591 0.277875 
-0.005918 -0.005918 0.015725 0.015725 -0.010478 -0.010478 0.040343 0.040343 0.037935 0.037935 -0.025550 -0.025550 0.000121 0.000121 -0.035819 -0.035819 0.028281 0.028281 0.106766 0.106766 0.134719 0.134719 -0.085063 -0.085063 0.205873 0.205873 -0.091825 -0.091825 0.588849 0.588849 -0.286045 -0.286045 -0.045832 -0.411838 -0.128710 0.077951 -0.029815 -0.214546 -0.316802 -0.433621 -0.117775 -0.147346 -0.476873 -0.401227 -0.291559 -0.421538 -0.304618 -0.328856 -0.446736 -0.468703 -0.469024 -0.366413 -0.366413 -0.379867 -0.379867 -0.391056 -0.391056 -0.399872 -0.399872 -0.406230 -0.406230 -0.410070 -0.410070 -0.411354 
-0.001067 -0.001067 0.001336 0.001336 0.015681 0.015681 -0.038866 -0.038866 0.051730 0.051730 -0.063133 -0.063133 0.050957 0.050957 -0.105915 -0.105915 -0.043571 -0.043571 0.156104 0.156104 0.018206 0.018206 -0.186532 -0.186532 0.013418 0.013418 0.058579 0.058579 -0.083461 -0.083461 -0.043570 -0.043570 -0.152788 -0.079586 -0.085786 0.080031 -0.120388 -0.101349 0.297973 0.316452 0.098423 0.018072 0.243452 0.254675 0.030843 0.259272 0.252796 0.158379 0.405718 0.300699 -0.075786 0.054106 0.306472 0.316562 0.317522 0.325914 0.326235 0.202384 0.202384 0.205563 0.205563 0.207483 0.207483 0.208125 
-0.006024 -0.006024 0.018316 0.018316 0.002628 0.002628 -0.018987 -0.018987 0.020645 0.020645 -0.071869 -0.071869 0.178840 0.178840 -0.039268 -0.039268 0.045758 0.045758 0.154423 0.154423 0.068475 0.068475 0.002675 0.002675 0.251448 0.251448 0.051621 0.051621 0.401369 0.401369 -0.288142 -0.288142 0.425533 0.352332 0.123304 -0.440877 -0.140807 -0.191577 -0.387524 -0.344624 -0.440657 -0.383964 -0.175709 -0.416788 -0.409041 -0.451080 -0.573360 -0.612140 -0.244452 -0.397801 -0.643933 -0.801106 -0.670717 -0.704351 -0.706791 -0.991280 -0.860188 -1.017099 -1.148830 -1.169496 -1.169817 -1.049284 -1.049284 -1.053136 
0.006637 0.006637 -0.030836 -0.030836 0.044310 0.044310 -0.092872 -0.092872 0.166733 0.166733 -0.166784 -0.166784 0.160518 0.160518 -0.129043 -0.129043 0.004355 0.004355 -0.023291 -0.023291 0.014338 0.014338 -0.016127 -0.016127 0.069751 0.069751 -0.162412 -0.162412 0.340619 0.340619 -0.367126 -0.367126 0.066551 -0.006651 -0.088478 -0.174623 -0.277657 -0.204331 0.112614 0.106454 -0.441737 -0.447651 -0.108684 -0.114295 -0.354016 -0.250312 -0.127684 -0.013877 -0.134182 -0.011587 -0.260097 0.113991 0.365788 0.508067 0.380450 0.268975 0.268654 0.410137 0.410137 0.419675 0.419675 0.425434 0.425434 0.427361 
0.003550 0.003550 0.000413 0.000413 0.006146 0.006146 -0.003236 -0.003236 0.035962 0.035962 -0.035149 -0.035149 0.172538 0.172538 -0.178483 -0.178483 0.160788 0.160788 -0.229290 -0.229290 0.050695 0.050695 0.264078 0.264078 -0.285872 -0.285872 0.222290 0.222290 -0.124516 -0.124516 0.180358 0.180358 0.049734 -0.169869 -0.151676 -0.091418 -0.304748 -0.403460 -0.087098 -0.013399 -0.238277 -0.250105 -0.020792 -0.032015 -0.261650 -0.272159 -0.271866 -0.395368 -0.396924 -0.055503 -0.054295 -0.054295 -0.182847 -0.182847 -0.053986 0.074272 -0.056499 -0.054295 0.077436 0.079026 -0.053665 -0.052705 0.080307 -0.052705 
0.014725 0.014725 -0.021987 -0.021987 0.032107 0.032107 -0.039720 -0.039720 -0.005690 -0.005690 0.027132 0.027132 -0.036552 -0.036552 -0.008323 -0.008323 0.051396 0.051396 0.050612 0.050612 0.065743 0.065743 -0.268569 -0.268569 0.116865 0.116865 0.005390 0.005390 0.060451 0.060451 0.324203 0.324203 -0.184246 -0.330648 -0.061767 0.004962 -0.204865 -0.211212 -0.018435 -0.208953 -0.202226 -0.219968 -0.442068 -0.355198 -0.242739 -0.144289 -0.262490 -0.153530 -0.273012 -0.036611 0.081269 0.089064 0.089064 0.095790 0.095790 0.101385 0.101385 0.105793 0.105793 0.108972 0.108972 0.110892 0.110892 0.111534 
-0.004669 -0.004669 0.007612 0.007612 -0.000770 -0.000770 -0.027876 -0.027876 0.054633 0.054633 0.025263 0.025263 -0.029117 -0.029117 0.080670 0.080670 0.005168 0.005168 0.048181 0.048181 0.049626 0.049626 -0.072514 -0.072514 0.344136 0.344136 -0.092076 -0.092076 0.196387 0.196387 0.147290 0.147290 0.111912 -0.400496 -0.501954 -0.387909 0.109193 -0.008557 -0.411251 -0.448210 -0.457165 -0.688836 -0.569760 -0.407243 -0.520515 -0.334125 -0.449697 -0.469087 -0.350899 -0.250272 -0.374453 -0.386144 -0.261004 -0.271094 -0.270773 -0.407424 -0.407424 -0.416240 -0.416240 -0.422599 -0.422599 -0.426438 -0.426438 -0.427722 
0.001582 0.001582 0.011717 0.011717 -0.027625 -0.027625 0.111290 0.111290 -0.215865 -0.215865 0.223097 0.223097 -0.155856 -0.155856 0.183059 0.183059 -0.057951 -0.057951 -0.093714 -0.093714 0.162031 0.162031 0.120630 0.120630 -0.123594 -0.123594 -0.157567 -0.157567 0.286499 0.286499 -0.141443 -0.141443 0.325600 -0.040406 -0.315258 -0.267943 -0.174072 -0.285476 -0.583249 -0.337512 -0.244447 -0.158183 -0.049583 -0.158900 -0.277043 -0.287553 -0.163535 -0.059423 -0.057833 -0.062227 -0.184004 -0.187901 -0.188222 -0.066124 -0.066124 -0.066124 -0.066124 -0.066124 -0.066124 -0.066124 -0.066124 -0.066124 -0.066124 -0.066124 
0.013104 0.013104 -0.012841 -0.012841 0.039795 0.039795 -0.036697 -0.036697 -0.080909 -0.080909 0.049535 0.049535 -0.119443 -0.119443 0.118700 0.118700 -0.043698 -0.043698 -0.107333 -0.107333 0.103692 0.103692 -0.129426 -0.129426 0.008459 0.008459 -0.065531 -0.065531 -0.162645 -0.162645 0.212089 0.212089 -0.082637 -0.082637 -0.334987 -0.255315 -0.295076 -0.374749 -0.077861 0.198676 0.096690 0.114433 -0.111846 0.112398 0.336996 0.472230 0.596635 0.511913 0.393007 0.296774 0.296774 0.312363 0.186902 0.325817 0.451279 0.337006 0.337006 0.345822 0.345822 0.352181 0.352181 0.356021 0.356021 0.357305 
-0.004770 -0.004770 0.017910 0.017910 -0.008360 -0.008360 0.045540 0.045540 -0.014392 -0.014392 -0.067648 -0.067648 0.160342 0.160342 -0.214808 -0.214808 0.257729 0.257729 -0.342412 -0.342412 0.194300 0.194300 -0.015732 -0.015732 -0.062217 -0.062217 0.083687 0.083687 -0.259291 -0.259291 0.088073 0.088073 0.186831 0.113630 -0.250447 -0.097573 -0.112700 -0.106354 0.205871 0.304210 0.192336 0.302257 0.538047 0.243767 -0.099513 0.009446 0.119781 -0.102986 0.018966 -0.103628 -0.228130 -0.113826 -0.114786 -0.118150 -0.118471 0.006991 0.006991 0.006991 0.006991 0.006991 0.006991 0.006991 0.006991 0.006991 
0.002936 0.002936 0.001877 0.001877 0.021668 0.021668 -0.039811 -0.039811 0.029445 0.029445 -0.072909 -0.072909 0.119055 0.119055 -0.088159 -0.088159 0.053569 0.053569 -0.003905 -0.003905 0.015542 0.015542 -0.143428 -0.143428 0.359048 0.359048 -0.342299 -0.342299 0.074598 0.074598 0.174143 0.174143 -0.079272 -0.006071 0.001624 -0.071577 -0.095401 -0.009382 0.212385 0.310724 0.311859 0.225595 0.118308 0.123919 0.119658 0.015953 0.380698 0.266891 -0.341839 -0.228032 0.139320 0.139320 0.265448 0.014525 0.016411 -0.245701 -0.376793 -0.255146 -0.123415 -0.128184 -0.127863 -0.263755 -0.263755 -0.265039 
-0.006294 -0.006294 -0.018493 -0.018493 0.005783 0.005783 -0.030695 -0.030695 0.076196 0.076196 -0.169628 -0.169628 0.217119 0.217119 -0.078417 -0.078417 0.049872 0.049872 0.109472 0.109472 -0.228838 -0.228838 0.132997 0.132997 -0.090332 -0.090332 0.154203 0.154203 -0.071370 -0.071370 -0.092129 -0.092129 -0.061265 0.158338 0.384558 0.085281 -0.095903 -0.188268 -0.082922 -0.095242 -0.098293 -0.110121 -0.326991 -0.338214 -0.227290 -0.019880 -0.019242 0.094566 0.094887 -0.018921 -0.018921 -0.018921 -0.018921 -0.018921 0.111221 0.111221 -0.149062 -0.149062 -0.018921 -0.018921 -0.018921 -0.018921 -0.018921 -0.018921 
0.009260 0.009260 -0.027344 -0.027344 0.027376 0.027376 -0.020096 -0.020096 -0.089099 -0.089099 0.086725 0.086725 -0.165648 -0.165648 0.260700 0.260700 -0.142963 -0.142963 0.007562 0.007562 0.116069 0.116069 -0.317394 -0.317394 0.204079 0.204079 -0.070699 -0.070699 -0.449848 -0.449848 0.401837 0.401837 -0.355138 -0.281937 0.185970 0.351787 0.259182 0.192201 0.091911 0.012052 -0.096993 -0.189172 -0.086577 0.017127 0.017231 0.022486 0.019748 0.024595 0.025943 0.030337 -0.218491 -0.092496 -0.095058 0.162592 0.290208 0.429656 0.301397 0.442880 0.442880 0.452418 0.452418 0.458178 0.458178 0.460104 
